Año;Mes;Dia; Hora
2020;09;21;17-46-55
CH1 ;CH2 ;CH3 ;CH4 ;CH5 ;CH6 ;CH7 ;CH8 ;CH9 ;CH10 ;CH11 ;CH12 ;CH13 ;CH14 ;CH15 ;CH16 ;
-0.45767293573484635;1.9707336482868878;-1.961731875641698;-0.8991672217261657;1.6085528289307385;-1.1892126908851703;-1.8954167519672969;-0.06855214950523414;2.7166837292966297e-11;-1.8931712214203678;-5.418119480211139;2.483634910852469;2.541852208741077;0.6395059801151354;-0.699543145046994;-1.249081773975687;
-0.25546753285118506;2.9813586045718825;-1.7522762865001709;-1.9554590191938956;1.433529966912134;-1.2663683677035473;-1.8149207296090055;0.07890241580530555;3.774588463701957e-11;-2.206219610471187;-2.8357735413825336;2.1359287868118573;1.1242612432096206;-0.023477711830385273;-0.5310508094553608;-2.4197622036599977;
-0.05896796007092253;3.196423114494215;-1.1832611218648657;-2.492116207663515;1.5844038096704562;-0.18861893199086532;-1.1958871081085016;0.36951258613923077;3.781911999560969e-11;-1.580044396275528;0.5817114590132548;1.1507005096292526;-0.44972912197886794;-0.7650555988557923;-0.31504685029759094;-3.107869003627801;
0.26534195668155225;2.7676438601223623;-0.20614835367297712;-2.1714309511784853;1.787604969336365;1.4913992884620826;-0.06197196204921074;0.8788885557980088;2.7563093749203852e-11;-0.11292048282278966;3.9577938568508726;-0.058406536846801194;-1.6124685405298294;-1.0090822640288521;-0.05069606001928095;-3.002958679718061;
0.7903763519429992;2.0182517948372767;1.095326403552205;-0.9371301511196459;1.6402466299695293;2.924697376483409;1.3815013181512141;1.5544058740145668;1.0149795879905941e-11;1.7698899438058358;6.366104697534795;-1.019622553041344;-1.9848918433049558;-0.40589416263820866;0.2681137893817789;-1.9950783091949473;
1.4688667644859696;1.2935368574522927;2.4823522583454807;0.9251097936602557;0.8124844939180369;3.3155543215734937;2.7841834283420472;2.222943923222864;-9.757001328064608e-12;3.4750921649542095;7.1157976456057055;-1.3699851896052353;-1.49211801254;0.9739791626371528;0.6296379263676573;-0.24450264813476297;
2.1219446950742373;0.797464573678742;3.596446369342538;2.847428152458301;-0.7575938132103417;2.259420654776603;3.7369547910509375;2.6412489672446817;-2.6994384654559036e-11;4.446364195501092;5.9771382626602465;-0.987733452658918;-0.3750100117971884;2.6285969614619837;0.9816796888764262;1.8285072566622522;
2.487367044093742;0.4964247969928526;4.055118483015725;4.152973961073458;-2.7673301218992234;-0.0663172783207866;3.892419731222074;2.569509598934388;-3.693152156303443e-11;4.3349363126585905;3.262621759471444;-0.0424541890689909;0.903787075426258;3.8087989569207714;1.2250479525250193;3.6407275841815823;
2.3166849562428324;0.14835726085649803;3.584188886228588;4.291307031744235;-4.612175909073086;-2.942283984162034;3.0871245474436577;1.8512830547831713;-3.6869594064603416e-11;3.0874869276646546;-0.2669472256778169;1.0596603555440973;1.829189972198246;3.8288553239108363;1.2359775728687339;4.610221950754883;
1.4868835279188404;-0.5470362258293586;2.1399806379743858;3.0537515318940156;-5.597661156703113;-5.365464747726703;1.4193591903443004;0.48401209483873364;-2.7024634548680035e-11;0.9435669845599701;-3.636775921224213;1.8217619821010342;2.018768128753127;2.380549566522732;0.9156640023485745;4.343348377152571;
0.08040372069414614;-1.743966337060297;-0.030487973712753025;0.6859745369956123;-5.214754098574472;-6.419631432689193;-0.7535333677726572;-1.3394920397862031;-1.0024370692172533e-11;-1.6361812239511804;-5.949378330425671;1.8461336744388626;1.3566696830424951;-0.281613010392324;0.24844656988524294;2.78530566852093;
-1.6026651665693732;-3.2916741242162915;-2.4229467873987867;-2.152260469607069;-3.362368115866973;-5.612567316913638;-2.9003737024333818;-3.2378638942202;9.803692345504501e-12;-4.07924706221114;-6.634706850058141;1.0010231469231656;0.0329535904606717;-3.374267969265655;-0.6579163981522933;0.27835459164531384;
-3.112091799810222;-4.708793026140184;-4.401765210099368;-4.579643501018921;-0.42614260512151936;-3.0599250761853276;-4.457237270778832;-4.71023664502391;2.718151741597026e-11;-5.820437130124454;-5.584728044739423;-0.5014482736820076;-1.5181882949572199;-5.839971786846556;-1.5738410267735254;-2.5047473116612284;
-3.980796103886031;-5.32577825917512;-5.386437697636923;-5.784605362410197;2.8206236208855255;0.543082463807552;-4.98695674716741;-5.267969814565944;3.737294723249008e-11;-6.414318933787471;-3.1485202327699295;-2.158066314504693;-2.758972863311312;-6.729799856120442;-2.2034312878419553;-4.746559403040081;
-3.884680241148856;-4.557900025212419;-5.041571186002293;-5.316025538438249;5.4602380097635965;4.146367688690892;-4.314139136486686;-4.5981619994082745;3.750974114461712e-11;-5.631116839477048;-0.012119371628916742;-3.3516057855452255;-3.225954093481102;-5.568441401900756;-2.284520414023156;-5.7406388430022615;
-2.7702850768133693;-2.2051584297207487;-3.4024347803260637;-3.2595518399466346;6.728658431052132;6.6837967829516405;-2.591322385851643;-2.6979473552199487;2.7543199581128958e-11;-3.5240618376876465;2.991673676549911;-3.5872564732354095;-2.689326507751051;-2.56247942146178;-1.6980090530729663;-5.132056398196251;
-0.8959617114956642;1.3582952245645008;-0.8852004750912652;-0.22492806156154632;6.2623496253092;7.411221129347775;-0.2659100961232823;0.07836243352772154;1.0230985600350705e-11;-0.45100294961426934;5.097680100199716;-2.689145921769978;-1.2383962635519623;1.4318928285657;-0.53827970354694;-3.0521888021846424;
1.2360421265678818;5.21468896485795;1.828492515047507;2.855443564104285;4.211331333177895;6.13526178773526;2.0493762988720494;3.0865540188121;-9.910623440435686e-12;2.9668820174792754;5.8001098729807605;-0.8744452922344195;0.7370591822491539;5.177415841400244;0.8911663316614273;-0.09245496903110029;
3.03655981917739;8.17013471672508;3.99815042694056;5.0447701974370505;1.1821010604366016;3.260931698216369;3.7613849321544546;5.563305416312231;-2.7555677947815378e-11;5.957875159437451;4.975419050934375;1.3218563169239916;2.663977243115272;7.469868330577208;2.1628434957486395;2.878589035851607;
4.019441970906018;9.16791322187911;5.055009332379318;5.720553408236436;-1.967268524436524;-0.3538441894877069;4.472903486949823;6.848234550036372;-3.8047978904594394e-11;7.774130901221955;2.904293025704853;3.236896492539349;3.963953086435236;7.555396587717241;2.8656577131243868;4.993277000973636;
3.95461926814118;7.691457606956444;4.778945554380245;4.775962506713948;-4.403578907170484;-3.6819806611575414;4.090498533039276;6.579154452176635;-3.8309285754645625e-11;7.8918732531019335;0.1866026123764568;4.308208194417909;4.234127778638868;5.402436756948297;2.752545852661462;5.662840172265328;
2.9302238989790865;3.999207403663535;3.359479999051029;2.6318897242164945;-5.565399708136621;-5.847551189994332;2.8316650815468845;4.79512986339904;-2.826911452376254e-11;6.180159275151893;-2.4273139596968694;4.255816667244917;3.3727334379577836;1.7230526607801693;1.8407405628914328;4.760950839140698;
1.3055456783274053;-0.912524211357228;1.316104425904987;0.05962076226134316;-5.296486684269523;-6.373300009657244;1.1349981762665735;1.9195292447905934;-1.0835563994048232e-11;2.9769429308957105;-4.2417758847064615;3.1565653678565484;1.6088518743245355;-2.2726679728619326;0.4215844074360817;2.650617702783846;
-0.42329096477907946;-5.624576241136642;-0.6976311065413485;-2.1166806544274843;-3.8327161970186987;-5.279704819817464;-0.4967881178547605;-1.3668049294728002;9.36151825700714e-12;-0.9699627857167608;-4.8031159170696585;1.3887143050176616;-0.5734526890568352;-5.304880949093251;-1.0348857374939522;0.04400941541264247;
-1.7925659272052772;-8.777731167641774;-2.134602097518847;-3.3221544216691106;-1.6690988956496904;-3.018943722326306;-1.670505822255072;-4.317989695384023;2.708111053444653e-11;-4.695539140678798;-4.022411531213558;-0.527849197865573;-2.5896081001429576;-6.478807730040927;-2.054189893468835;-2.2564407025028554;
-2.5127805472597444;-9.532732382375645;-2.741361974074718;-3.4161304674274575;0.6238508912197605;-0.2874746054412989;-2.2253178088984464;-6.313035249782556;3.776082139877127e-11;-7.287348774622409;-2.19770821457146;-2.1259769091441205;-3.9316357697228645;-5.592500074191818;-2.3428339353612206;-3.638650756000485;
-2.5356076768697973;-7.8260926486581806;-2.611730494082913;-2.6851892729840032;2.556776408221354;2.201409645624712;-2.2509606887699927;-6.983623123484489;3.859443085259897e-11;-8.142305918785029;0.0799104653992091;-3.1338473202596644;-4.306585738205169;-3.1760495032729805;-1.9014096374828635;-3.8732420325876307;
-2.030450120506846;-4.335637600366214;-2.087753605567749;-1.657832796360217;3.8040871702297125;3.9054142547577664;-1.9981545489146484;-6.259272593361307;2.9316505813583625e-11;-7.126225103228251;2.1137681587459682;-3.509378796139091;-3.695761776316892;-0.25068328200322354;-1.0104467188919726;-3.1447903873087646;
-1.2885718582419285;-0.1935250926427763;-1.5611351730845966;-0.8352848746386135;4.214173718158366;4.555507463833775;-1.728298883293569;-4.34396759138937;1.2411501001940863e-11;-4.588727013976344;3.3203223821942545;-3.3695674908826065;-2.3272326717586496;2.0885012684635567;-0.09477359926411189;-1.9197525731020266;
-0.5960138351186313;3.422503972516626;-1.2711308588410408;-0.46384900188223144;3.7808319342919305;4.165132470678236;-1.5724266283568733;-1.649324399851527;-7.703924989084758e-12;-1.2370965932062536;3.4040711515731092;-2.8688805660049694;-0.5822009631567251;3.096440833929822;0.4707958781918019;-0.7175033335095822;
-0.1239189269562812;5.661865886424951;-1.1915070114705482;-0.4469063452442279;2.610113438855793;2.9654385842249713;-1.4640696461299274;1.2940115601118887;-2.595545419065388e-11;2.081159444531406;2.434139591432345;-2.098498920421944;1.1282197063584647;2.642783068649199;0.5269860458998655;0.11209385746158185;
0.12285881187086939;6.217593127742136;-1.0576499009192841;-0.4287893886491798;0.9006412236996237;1.3026742611686302;-1.1785095078521732;3.934654485227082;-3.75771208377679e-11;4.614557439740287;0.8058133721687935;-1.0593259278892795;2.4741481176969273;1.2189515181532322;0.19403189158990403;0.509943567094882;
0.27834573867940815;5.334989853448855;-0.5245927276314633;-0.007233822181270888;-1.0623867431427778;-0.4597029900744054;-0.465272706484948;5.799839987555221;-3.9298405167736046e-11;5.8933027427454245;-0.8951516659799612;0.28106494777237834;3.270486742291918;-0.30629385581345403;-0.19474824538780733;0.6819418757290829;
0.5209294848325077;3.632569575102135;0.6130672762842657;1.0249651686992565;-2.9149321562946917;-2.003973053063058;0.778586824466271;6.577299445815211;-3.0575812104611863e-11;5.816588678060537;-2.0840291476593507;1.8831151912658246;3.477329227844856;-1.0782678546210245;-0.262833994699079;0.9457932256990715;
0.9574410775220232;1.8168398205903094;2.245873839520913;2.5223480939844114;-4.248597221425295;-3.0837492396977586;2.377143072832636;6.158964543495799;-1.3762235121772154e-11;4.627442530151289;-2.3682372816098725;3.545492289279041;3.1517018550641858;-0.63489642639479;0.21025400941108852;1.5248471648089974;
1.5447335776269338;0.40667786065428435;3.9159891709535115;3.9910037734541635;-4.691055915509245;-3.533438186853161;3.8716136656036673;4.6424711356795525;6.794709817651173e-12;2.794345552127719;-1.6790974065080604;4.891248766117155;2.3883520474394553;0.8817426336689955;1.151899865243298;2.386807302482776;
2.0869701496003445;-0.42801373844579793;4.959363106447349;4.761276721237626;-4.022957380202462;-3.281560621064403;4.673154161206334;2.300289446047347;2.5759329612257402e-11;0.8417859197538426;-0.29990287834802976;5.45473614668977;1.2853342285909104;2.7693778546302448;2.190147957533278;3.207639030559229;
2.3080822094863596;-0.8614893194076918;4.771516295120155;4.262755495363751;-2.285825063142501;-2.3679698093500012;4.311017614034386;-0.4704262133482655;3.7917967450333255e-11;-0.813933547948241;1.2241695505813814;4.844964601432292;-0.05318726035483601;4.050459856263775;2.7913268542051815;3.487569448660498;
1.968693837838625;-1.2591452951597835;3.0862950052684903;2.2938016616738297;0.17601940859714604;-0.9517625800145606;2.658186527740736;-3.203692582686739;3.981239439859421e-11;-1.9661294041062352;2.2720329977234606;2.9252848480105818;-1.489110011363304;3.8848505773276005;2.490545653409155;2.778181142350716;
0.9831061711155127;-1.9509725287807451;0.15008608357627162;-0.8230322627360205;2.7734928508283683;0.7018376493263789;0.02948723562680655;-5.42090082500602;3.089740426796754e-11;-2.621920869854357;2.3734250893854014;-0.06052954338838035;-2.824109219110894;1.9459027454511881;1.1210501414910974;0.9270984192283036;
-0.5097973528984501;-3.026634230083231;-3.288958330216918;-4.2733405383458685;4.822950173886874;2.2593352045837856;-2.8914261328913877;-6.693789510927671;1.3573733650899397e-11;-2.917570845729821;1.4003258044640845;-3.47495498178255;-3.8021616340858797;-1.3886478172804289;-1.0562672868428324;-1.7687300781619522;
-2.1555239206137444;-4.233390630512017;-6.190261898484357;-6.98040838294684;5.742406298586054;3.3775728761582386;-5.267111951112589;-6.718189720938174;-7.494352381914058e-12;-2.9946916331719606;-0.3533943690845791;-6.416818062140186;-4.15473887926526;-5.108948409629592;-3.3881758751999125;-4.582200535742552;
-3.479113714191043;-5.028017804553845;-7.565896810754474;-7.966657688002125;5.231591896024835;3.7769022701971906;-6.380695990100108;-5.3922626007320185;-2.6555124063281184e-11;-2.904314914802362;-2.2491846684383248;-7.9776057338318385;-3.6826813653931505;-7.894120929658228;-5.033176613171496;-6.564840070181759;
-4.038160871064634;-4.786491815735714;-6.840578044881641;-6.722783349229635;3.379082839167075;3.318974098058775;-5.8688288256152905;-2.8834946314868706;-3.8318311316732824e-11;-2.587829583253748;-3.5251236049134027;-7.551258276966066;-2.349164269324987;-8.58252251608425;-5.270985144710021;-6.884559411711204;
-3.577615108478944;-3.1043111809392236;-4.089096617530183;-3.440706209411383;0.654676418759002;2.0638910586592845;-3.83256805725604;0.3468391048216293;-3.936418979831853e-11;-1.938860524676644;-3.5883319449146915;-5.085410628192157;-0.3425425575225294;-6.627662885316854;-3.8044687083408855;-5.169587757249495;
-2.1271319949159384;-0.05835149292230701;-0.05237343586375065;0.9959105955366394;-2.2238033989843844;0.27349252232974575;-0.7985300153917727;3.6012099929499444;-2.9533242762694166e-11;-0.9043727534250401;-2.2673393187252016;-1.1632599483134483;1.9300748404677541;-2.360117594723569;-0.9294050889996064;-1.7163992653801827;
-0.008598781605814843;3.7035200607693652;4.082640383888674;5.279255430094471;-4.509234368053791;-1.6505866943038159;2.439302381261823;6.100567378820735;-1.1766211930551295e-11;0.43560518765754574;0.0823905448455835;3.1403924703230137;3.9294544361664125;3.0625223480759756;2.5130685049549295;2.541222984103209;
2.2425629872764583;7.113013920423675;7.064482704644095;8.113211437775266;-5.648352131570568;-3.270858418236953;5.038493736737611;7.202139560022111;9.065894150716333e-12;1.8532863522480678;2.673915354805173;6.594656433267111;5.1259184215159115;8.012393218803663;5.403426825072739;6.31428402619173;
4.017050281928865;9.032097379629917;7.988651517047852;8.656392053222872;-5.428168598548881;-4.220243635691724;6.33067495810597;6.606020094585087;2.7166837292966246e-11;3.031833536965834;4.5604771569591165;8.221007238127056;5.1513329297828365;10.927197988833212;6.739313709539837;8.397988192369253;
4.799444667361855;8.668252749169149;6.598366143158659;6.805294521139462;-4.002863182986825;-4.278872401240099;5.999869475717458;4.469672948571251;3.774588463701952e-11;3.674414041935209;4.987876171859728;7.61970742981218;3.9170959611280747;10.834125513125386;6.009227513153863;8.102047591284808;
4.325412882765633;5.890095040393449;3.3708658609244706;3.2121600781906614;-1.8092674267867088;-3.4095852731421554;4.174352607212631;1.3795672822637806;3.781911999560965e-11;3.6187687429796096;3.6960614211378076;5.0895298165589455;1.6643218645322662;7.683057368607177;3.397033468682152;5.502844814772523;
2.683388995866891;1.3254191048719415;-0.6430095850550508;-0.9641662159767126;0.5838457428369153;-1.7573079659036592;1.3983211997162965;-1.8186655716567564;2.7563093749203833e-11;2.903997857934955;1.0500730631592323;1.4991032880700175;-1.0725448781001785;2.377564457467228;-0.2660204634651091;1.4181817007015933;
0.31812148045744637;-3.7959002642137336;-4.17450499444094;-4.474832280894077;2.636725414902603;0.37787608986345234;-1.5246668735336606;-4.281017338467553;1.0149795879905941e-11;1.7527199313391124;-2.062600373541817;-2.0354107859820614;-3.5882640000757187;-3.5117419541113453;-3.788907409331666;-2.8843113706316466;
-2.085422331360137;-8.011311929237047;-6.167131464158523;-6.404873775349241;3.963673971457745;2.5879690195048655;-3.7811838807706586;-5.432224804302684;-9.757001328064592e-12;0.47245361126674;-4.545501690893094;-4.541256207125646;-5.1929841310488305;-8.261035913124672;-6.042527174988148;-6.1303266717539096;
-3.8174208662727196;-10.09261903738884;-6.128837343219933;-6.444950320595162;4.39464175165601;4.420990379948824;-4.810499036413856;-5.140522300361086;-2.699438465455901e-11;-0.6762274883811303;-5.507324193485324;-5.501560072578014;-5.417138325036131;-10.55668718410989;-6.355483916968972;-7.463025940919323;
-4.387557323515421;-9.451631116102623;-4.27658533856153;-4.917478488053382;3.9682039526563817;5.4565399059452036;-4.4795317117726325;-3.72701254114956;-3.6931521563034405e-11;-1.57577570993542;-4.612524800334721;-4.975282956758086;-4.173178388334801;-9.904819986370207;-4.73378778247658;-6.691986807448445;
-3.6993711360493755;-6.336308601224678;-1.4201119683908332;-2.569339438021071;2.8734258875058143;5.386463902573228;-3.095885556906355;-1.8062461432865005;-3.6869594064603396e-11;-2.259052734114387;-2.2173807245573127;-3.4891888093197654;-1.8119559264602705;-6.7415272765211265;-1.8272092415238959;-4.288929377859259;
-2.076489142342188;-1.7398227241094633;1.367443451909594;-0.2367301866566831;1.374278246441306;4.093635314744388;-1.2557102850940716;-0.028883165299511182;-2.7024634548680022e-11;-2.8240522837392743;0.7735274311363449;-1.7604882517623217;0.9621141091553633;-2.2169533262403043;1.3337675833705318;-1.1564674145434255;
-0.1272243955786756;2.9493349296374287;3.1606033404199767;1.472303023963099;-0.24977039878340412;1.7171520826556055;0.4025724640202204;1.165817733242025;-1.0024370692172533e-11;-3.306534169483996;3.2737091150128856;-0.3773773168890461;3.303564510190486;2.2465986884011344;3.721585571598866;1.7225255806512556;
1.4959960010434057;6.425731742546395;3.5114502220573187;2.3528536236523117;-1.7326122023778923;-1.3195562035208286;1.4343767777855976;1.686110774137473;9.803692345504491e-12;-3.5883039017489637;4.449075758252201;0.4230578297186477;4.501281350985142;5.443626762762393;4.668418145565077;3.617079852129532;
2.3424069640235867;7.887520060487634;2.5723487552856437;2.579562560338522;-2.831345104490778;-4.349519575494267;1.7258081491876434;1.7553257778976215;2.7181517415970244e-11;-3.4037709823119657;4.035546674911909;0.7893838291211758;4.221991412405478;6.743269709376742;4.066724320718006;4.245338468154733;
2.311989641348043;7.239866882266194;0.9748541566649445;2.5199575313865616;-3.3423900738229686;-6.592848337915076;1.4873543757385472;1.7328763338295015;3.737294723249007e-11;-2.459156180555707;2.4071922654387548;1.1010622838999817;2.630700465102802;6.20476836747831;2.351291156401622;3.781913815948399;
1.6509668402709223;5.024111302785794;-0.47141357143823326;2.4918092578626627;-3.142291888631142;-7.3652339994107265;1.1154174425873766;1.8864390318040685;3.7509741144617105e-11;-0.6192445019079034;0.3726969185011144;1.7093051323823625;0.3377046567113444;4.436982943208356;0.28789693290818064;2.699565013613693;
0.8073515901787631;2.1322966394318836;-1.1285799439227413;2.585011357628765;-2.2477025882947244;-6.309763340258858;0.9811750336631171;2.2330924354156902;2.7543199581128945e-11;1.9276512267638215;-1.203015522888629;2.702328039711408;-1.8138556392732155;2.282850282492495;-1.3378517510173888;1.5300562671886762;
0.21605608548085986;-0.5574169857655384;-0.7881303898567953;2.6237280693944824;-0.8605424399997952;-3.5657700117621;1.2361224346664557;2.524547867241818;1.0230985600350699e-11;4.620678916663687;-1.7809442758498828;3.8064553532567347;-3.047529700572192;0.4673247930011115;-2.0125027652445917;0.6462651373983905;
0.10411210765038015;-2.4749959501684295;0.26054103297450837;2.2742760497005516;0.6477439596746868;0.20985888926360774;1.7233714632767465;2.3789899510741437;-9.910623440435683e-12;6.645080535299633;-1.3650035485805134;4.470250496480785;-2.9367684903888516;-0.6531688548337713;-1.6652142570835178;0.14480927211042371;
0.39505957502499334;-3.4779590120660036;1.3728173171558025;1.2419464838627046;1.8374479318846624;4.007374421897865;2.044668129014884;1.4949049163892765;-2.7555677947815365e-11;7.1970255811024115;-0.4602743114137573;4.100393429544418;-1.5699489946381735;-1.1528170940090312;-0.6606702944121026;-0.1370397120983271;
0.7541650414465881;-3.7713889063514006;1.8444648190811053;-0.5338593042643054;2.3609568952457654;6.7745582840178455;1.7623671909204464;-0.1542194921968154;-3.804797890459437e-11;5.803376290123116;0.2050325885278097;2.355143601345513;0.47007286820581506;-1.4013554745808072;0.37801553221553297;-0.48918547357573194;
0.7612199025117014;-3.688897364089529;1.2404968046798375;-2.7736045659572492;2.1075031808105398;7.759209829577153;0.6440160736331182;-2.2386581638783944;-3.8309285754645586e-11;2.5697816015588835;0.06389003284473205;-0.6265772335382422;2.3166405929514755;-1.8056932561888699;0.8457713173338806;-1.144445731509641;
0.1392498567811835;-3.4570030472292776;-0.3813671506524461;-4.892352307924508;1.2534062777266604;6.749078054195243;-1.1724832815372856;-4.150084692903001;-2.8269114523762494e-11;-1.7553984011646904;-0.9795616028187193;-4.166181800023663;3.1518998514173098;-2.556044102934695;0.4226111111799433;-2.124262996842414;
-1.0679391676045118;-3.0677471853520695;-2.453899431397402;-6.172424747784698;0.18556269414095938;4.119060028166462;-3.1793546108160027;-5.212421985129522;-1.0835563994048187e-11;-5.952561718274735;-2.464343828742261;-7.204272387230151;2.5379141247406354;-3.496914277002858;-0.7746728523711657;-3.1826346480732726;
-2.4634362530167753;-2.3169772890503264;-4.107424422420489;-6.017491584093145;-0.6688356098914734;0.6769795828307874;-4.670506686965487;-4.941389242350182;9.361518257007179e-12;-8.701533123762188;-3.5614648119253323;-8.641085549859422;0.613470424340314;-4.178105408493712;-2.22043846249323;-3.876767108369293;
-3.4414734647671446;-0.9746458725217633;-4.523472037152009;-4.198046973529961;-1.0258108080458825;-2.621538602932394;-5.0115132396834845;-3.2487654315374366;2.7081110534446563e-11;-9.033300724057586;-3.460819499311656;-7.744233266726662;-1.930655529141848;-4.057854926800946;-3.1851534477847814;-3.742423563941453;
-3.4526211880019777;1.0070198819720795;-3.292932026632587;-0.9945038362722975;-0.8543772015552296;-4.974277042976864;-3.896858995842977;-0.5120071562081483;3.776082139877129e-11;-6.699256232129733;-1.7832090057722252;-4.471677538143452;-4.099797353100039;-2.768620022622804;-3.04276079347029;-2.507292031304307;
-2.2693620518316737;3.352198434849302;-0.6288167817376462;2.8270506694466206;-0.3627920451936021;-5.941215506428677;-1.4955257185247266;2.5196584437887903;3.8594430852598966e-11;-2.310145351673098;1.1756739436782797;0.4243455942662635;-4.9765883145945615;-0.3337577334368942;-1.5581179573644106;-0.2548761302314708;
-0.12711936734102247;5.461607564231285;2.6615055097564606;6.215104811790768;0.12722014635649448;-5.503037415625382;1.5668350322075724;4.955428235811015;2.93165058135836e-11;2.823400170926945;4.492271095016666;5.575595116572212;-4.0859164843018245;2.7575758320079724;0.9653679849548862;2.5335325776132316;
2.3290630946198485;6.5765288020749475;5.4457558218131386;8.15307447705337;0.35130687264034766;-3.980510407547089;4.38807386379078;6.052667284555669;1.2411501001940824e-11;7.104524987776808;6.945840334207896;9.417201024383925;-1.5970850230513776;5.657235500840388;3.7461598755534626;5.086946916507466;
4.276286845975422;6.066215802894721;6.682489247289384;7.995166406086424;0.23188487842482075;-1.8758832616513228;6.082380907904497;5.466416461368114;-7.703924989084806e-12;9.178887541059542;7.498955354405142;10.710532140970816;1.7187012052087103;7.41959205378652;5.783646395554309;6.5771879730313225;
5.028411476877588;3.734449021655334;5.823645546207905;5.698638313986226;-0.09487556038142198;0.2922104847093647;6.0892502381753655;3.3725963104590724;-2.5955454190653938e-11;8.396959203585705;5.728512388831007;8.982676032732819;4.759991336618516;7.333287794084385;6.2283534013783814;6.403484344583694;
4.301193274200877;0.0060366842886021566;3.042799451998552;1.8630824332306353;-0.36396624168084635;2.108419655713526;4.380893716829654;0.41751837474066367;-3.7577120837767955e-11;5.045611560566;2.027044528739257;4.71418163955348;6.490210887572127;5.2062975792734285;4.724018491427808;4.430108723145939;
2.3199326698874168;-4.117103605941441;-0.8038497592780547;-2.444242775596143;-0.33558166520747507;3.3139146520739957;1.4837711654798142;-2.4963963681165486;-3.929840516773609e-11;0.2579990019553593;-2.5111946825683185;-0.80666912897708;6.303579761596994;1.4914675994558517;1.5828261666877488;1.0840158263730357;
-0.26832812365766934;-7.348841913410561;-4.470311292039307;-6.0189055199747035;0.05729858413547134;3.800894391623637;-1.6975598176144353;-4.514239899432361;-3.057581210461188e-11;-4.37614560324695;-6.475356881250688;-5.917491262410028;4.2267651901273835;-2.810722843734064;-2.2847506469005263;-2.737166008527105;
-2.6362921892435662;-8.567765721287454;-6.758554747622829;-7.892679286798259;0.6443680964262873;3.575751843879841;-4.192743130054702;-5.108331191005151;-1.3762235121772147e-11;-7.364416243732559;-8.641576177116034;-9.142972245224774;0.8936088030160039;-6.453030914305387;-5.668020160968426;-5.928881828922347;
-4.074182081591541;-7.250514315336054;-6.94037068102699;-7.624685812929121;1.0825176955313105;2.727373585390827;-5.300518250128199;-4.2306063463564545;6.794709817651205e-12;-7.826439138873592;-8.395517298757564;-9.671974701318911;-2.6822069724960595;-8.346513175782068;-7.473959642184962;-7.531589016737167;
-4.23111901846007;-3.7101110737646255;-5.007523004362202;-5.415706859051037;1.03385172185023;1.4242743395221518;-4.819917082754326;-2.2884599596374993;2.5759329612257454e-11;-5.775774021548706;-5.910806896800873;-7.575783377004339;-5.446982098439325;-7.925735239447384;-7.109028108842187;-7.0490579964983135;
-3.2116737291202155;0.9682577124295588;-1.6578391324334998;-2.0135540667552463;0.3683030507739071;-0.0731288263757024;-3.090404812706505;0.03181984674083693;3.791796745033331e-11;-2.067583938284332;-2.031107499061292;-3.7046455063431445;-6.642082137216242;-5.340058891221748;-4.6840075353067405;-4.618519657239848;
-1.4963945262706502;5.283204625001989;1.9741447777160146;1.550520772947333;-0.7277931371942048;-1.427982470906937;-0.8281153610792573;2.0146188128631097;3.981239439859426e-11;1.9533132751117854;2.0688967679837926;0.6676933452811071;-6.0251539664176414;-1.400584375090086;-0.9703324375670062;-0.9715655290595069;
0.2715960362890134;7.840864056541169;4.734909218686089;4.298671788746644;-1.8099462887833653;-2.3023875820525728;1.1726468400159216;3.1427858852520014;3.089740426796757e-11;4.953846302037373;5.292383635743304;4.294183152838643;-3.9084212882275366;2.6958370697850382;2.871731430726961;2.8001655580199563;
1.5375498759403161;7.852783166610665;5.853492800515408;5.599202940249498;-2.379068197504999;-2.4785102027775787;2.3436840048251186;3.2283348573529542;1.357373365089939e-11;6.068596915477729;6.944958425252499;6.3304197336138;-1.010606921952522;5.762490567488156;5.690871483312035;5.594124272760659;
2.020974824250784;5.414500551073079;5.172089270934499;5.318974685652176;-2.1252652139484858;-1.9644891039484613;2.5233055353897567;2.414984864700023;-7.494352381914093e-12;5.150780621545081;6.872419007943629;6.519967741229942;1.8110890229804177;6.99554603341902;6.721620174699696;6.64294111202493;
1.7731787532699457;1.4530689866552318;3.128670858560175;3.7967306278821353;-1.0855250128580598;-1.0176082692625066;1.9487131641762736;1.0761787588331466;-2.6555124063281236e-11;2.7477456279618804;5.390554490310908;5.158236997521897;3.8424245996670594;6.197020622018334;5.806165844659427;5.742377926556356;
1.1014836512612467;-2.6319450983161152;0.5238327688526954;1.6665343509106119;0.36398532902352265;-0.0558999936630693;1.085988312510084;-0.33343677480432377;-3.8318311316732876e-11;-0.16584581770139417;3.0699353226353985;2.887931542534964;4.707471522111516;3.7854432085114316;3.393023493345533;3.2892046047739956;
0.4058693773734623;-5.485680397876313;-1.8094441143558355;-0.3888815017016283;1.6774295289123815;0.5142559138206522;0.3900620734212047;-1.4176405474120388;-3.936418979831857e-11;-2.579581263751712;0.4921688732715115;0.43075339594329765;4.421821746580097;0.6118477869257468;0.33292599169210435;0.12439339580446096;
0.002562630902017027;-6.272196284480792;-3.288909546275842;-1.8581369769351344;2.3880362886025885;0.48141322894303684;0.10673739185106879;-1.9336053739082049;-2.953324276269418e-11;-3.8078151435190652;-1.9097708388225971;-1.6361682303896492;3.3066152103095856;-2.3386202215092755;-2.4351164528255365;-2.7569178036196647;
0.007173326922256029;-4.932651035288867;-3.7159252858744822;-2.5212563820363174;2.315418283452842;-0.06322424494771639;0.19782382811192034;-1.8271499554866213;-1.1766211930551282e-11;-3.6858363340450673;-3.8749666948949777;-2.9901053737647896;1.818091416473262;-4.252396530212566;-4.184865977339609;-4.525326801720848;
0.316824920653465;-2.143981596817842;-3.2364952299770735;-2.4477309731503505;1.6343158792729398;-0.7502391053705539;0.4082648397196589;-1.214378823656393;9.065894150716368e-12;-2.5438126039872326;-5.232988712754877;-3.551756900608395;0.3695733231795967;-4.706526497762453;-4.589708723179564;-4.760426784263296;
0.684826153265145;0.9870697967825213;-2.1871651571806767;-1.8991095107455087;0.7760650024628533;-1.0865659528743867;0.4303545453336577;-0.32727674544186414;2.7166837292966297e-11;-0.995400318894996;-5.807134762620435;-3.4008151251778065;-0.7890302673657681;-3.748728406837937;-3.752346650345833;-3.545798246526901;
0.8467479608416255;3.3599373652772906;-0.9207160883632772;-1.188925570342821;0.2079560952140307;-0.6828289803342049;0.08005400948641045;0.5594811387061354;3.774588463701957e-11;0.3510568145498436;-5.393090399525379;-2.685411808071361;-1.6000627775839338;-1.8338355273710376;-2.0983336693350476;-1.3989885508384639;
0.6419557329314612;4.27036478196853;0.3078898923397042;-0.5579807125466687;0.18786507833528465;0.5365170176180338;-0.5967207374799188;1.2039171568580544;3.781911999560969e-11;1.13155748249781;-3.847265082869588;-1.5728303568396962;-2.138546180508303;0.3509146488480104;-0.19543841748401114;0.9269900570639629;
0.08027902713382096;3.6111693376662903;1.3644752616725275;-0.10946769645005006;0.6091896664632339;2.234387847221336;-1.332141977253722;1.4563881562521475;2.7563093749203852e-11;1.3235830032218625;-1.2402234215993584;-0.24800520529863657;-2.503543910712466;2.114706087676536;1.4308039898455505;2.6977617489078702;
-0.6697809330112956;1.8316586193175843;2.187517891469933;0.18172500662248714;1.0214101514625173;3.735559599583851;-1.7574473044527728;1.2875575846987426;1.0149795879905941e-11;1.1777326063679767;2.0214242652470085;1.0683240264908427;-2.7206140427016607;2.9748156837200765;2.4306643328580977;3.4233300682612007;
-1.3580193974152135;-0.2948325406868766;2.717754089422198;0.4051219889030371;0.8359126274266049;4.268731783448976;-1.5890062891402954;0.7798930594139941;-9.757001328064608e-12;1.0320117896942138;5.197309019920463;2.120548476034375;-2.7068843267838276;2.7844696980571375;2.685101984913599;2.986948726077453;
-1.7555830521527278;-1.986858625275465;2.8559089985484;0.6353853613495064;-0.36283205405986996;3.2938136360833954;-0.7926525673405195;0.09283228881333372;-2.6994384654559036e-11;1.1057414766701719;7.37855465508474;2.661605701185144;-2.3143766450388967;1.741926398350972;2.283536078234982;1.6450000471991997;
-1.7406214982825343;-2.7349340726379614;2.478067062680555;0.8759355248454914;-2.538629589317549;0.7846333949381243;0.36170285750744213;-0.5835669340640512;-3.693152156303443e-11;1.3742929343723247;7.777608741556579;2.5313493300202374;-1.426672522656244;0.28940169432366325;1.4492494703137666;-0.09029190071178794;
-1.3347461248128798;-2.446374011150448;1.5059607282272345;1.0499892307834835;-5.094836770065706;-2.6592400921450476;1.3944890458252437;-1.0769577029626665;-3.6869594064603416e-11;1.5825431817569198;6.037710561406637;1.7340826090390897;-0.060487655202337454;-1.0561290964156838;0.44753019981942055;-1.6375071369044685;
-0.679539379426026;-1.41198588139984;-0.0015057206003761259;1.042569167366194;-7.013069767200849;-5.943014482705873;1.8260748590316713;-1.275468708910874;-2.7024634548680035e-11;1.388363576696965;2.4336342207439907;0.47207339384478875;1.5783712755299468;-1.880647136175722;-0.4902458565043526;-2.5356023154900105;
0.03205080845003949;-0.13273455464507355;-1.7868194604348595;0.7719726518436877;-7.216073978732954;-7.829215149016879;1.4086118180812934;-1.153537053437842;-1.0024370692172533e-11;0.5666536653066354;-2.132066357551433;-0.891013947473249;3.1174580558524396;-1.9988715321391302;-1.2058375495265499;-2.5741806262539404;
0.6341906066984208;0.9020547772268015;-3.4095537036036716;0.2517394407600017;-5.027250216019384;-7.395646267056266;0.2685540589199318;-0.7721283906735372;9.803692345504501e-12;-0.8272377794262913;-6.359009676077868;-1.9337230011280018;4.118282323283782;-1.4870278733268205;-1.6160628050218022;-1.829251153012495;
1.0399427081275692;1.3936811167051053;-4.357187762929496;-0.39162411925376767;-0.5410547151632876;-4.425998739992149;-1.1180599635369752;-0.2554687527990331;2.718151741597026e-11;-2.420503043786389;-8.942117527047584;-2.3170567563064415;4.221753025404429;-0.6179356550605339;-1.6942881942415338;-0.6059828871252757;
1.2488535528218065;1.3116546309027437;-4.222450543850102;-0.9554132302320997;5.260958089820669;0.4252278626652224;-2.116345805748032;0.2489379098733236;3.737294723249008e-11;-3.6397842327390473;-9.000575594897128;-1.9119042851903303;3.28721816053452;0.26717809795822167;-1.452135035103252;0.6814372601081451;
1.3157079511870857;0.8546429259455677;-2.8790070350525587;-1.236141556171308;10.723084194334302;5.772906546095741;-2.207470985295653;0.6186035402049872;3.750974114461712e-11;-3.93746966603675;-6.394199760271253;-0.8602190754848347;1.4731186951789685;0.8926033599533629;-0.933161765820488;1.6486951478332772;
1.3007234317562821;0.3255022042668504;-0.5783586151519247;-1.1131803900651032;14.010327839429086;9.915904889264542;-1.2288060186875982;0.7951278103173796;2.7543199581128958e-11;-3.0322773067624795;-1.8119703826969404;0.46297952204563186;-0.7777659768271841;1.1347282091185724;-0.21803037890450305;2.0536951383602187;
1.2274217623799415;-0.017307836700882873;2.08486429318707;-0.6057163280133722;13.72971250949043;11.394693090915876;0.529181036688096;0.7945988267942815;1.0230985600350705e-11;-1.0612049331374838;3.4071948643420975;1.5797350108757424;-2.85484840971682;1.0360304342382696;0.5694869358402905;1.8500777331399256;
1.0684608001361018;-0.06860674059982813;4.341875669992508;0.12380330421112107;9.465979978335264;9.50501062784902;2.421757553024757;0.6848054858204607;-9.910623440435686e-12;1.4266089383441845;7.67498762926503;2.085062672663395;-4.166629219132767;0.752827131714923;1.2703115566290597;1.1743263041220877;
0.7643828994403588;0.09532735300410472;5.4970348058975596;0.823516776214106;2.0340933379332258;4.587217058551262;3.703704903725052;0.5417809704659482;-2.7555677947815378e-11;3.6429371849558163;9.656150686265207;1.7998321124516066;-4.33687859438618;0.4640067914698651;1.7188428070433277;0.2814624657617719;
0.26568693321085635;0.2755119119242041;5.162780526727547;1.2426482145013162;-6.666960936864267;-2.0237702472370547;3.823467530986336;0.40865503058356145;-3.8047978904594394e-11;4.840983851653179;8.710699780871792;0.8372118345986299;-3.3382672566592464;0.2806304477306846;1.7862401785433764;-0.5453552486421507;
-0.4215510277650827;0.26284668016777335;3.396854678087824;1.2246202373365953;-14.182468782798848;-8.39055309269148;2.635042545538445;0.2804488179826322;-3.8309285754645625e-11;4.595401044934875;5.1217221711232375;-0.4437633433871768;-1.508044842975884;0.19869951094029992;1.4234078395798755;-1.0837972421628355;
-1.2100068119489986;-0.05127806899890652;0.691154183144044;0.7666918757207736;-18.25365648801754;-12.582848382840163;0.4489172557792944;0.12110502102526943;-2.826911452376254e-11;2.968633382543089;0.01987890040070539;-1.5747846543519692;0.5644990484958292;0.11724408688196747;0.6873981683292103;-1.23387251230501;
-1.939938161537448;-0.6157919531709307;-2.18490080456543;0.02230912482145564;-17.543932956855905;-13.296885959511487;-2.0847420080156316;-0.1040448333721734;-1.0835563994048232e-11;0.4939555831927078;-4.980147951841841;-2.149258499513363;2.2368627789029074;-0.090814730793228;-0.2609256236217359;-1.0337719318104968;
-2.4195581930677696;-1.2349672404352503;-4.426919089222061;-0.752660413748633;-12.094459340911135;-10.276581632747638;-4.1978311346471955;-0.40033159451274236;9.36151825700714e-12;-2.018614181620462;-8.309589369954413;-1.9645127062731929;3.027134431627175;-0.4906468414670806;-1.1897150645121757;-0.6264496610909953;
-2.4813330720607487;-1.645420076597131;-5.436281524750574;-1.2872033365738516;-3.352596464064346;-4.399603373561076;-5.243971178433105;-0.72858705466259;2.708111053444653e-11;-3.774276838913562;-8.957541977789012;-1.0860221773658698;2.7710968959176876;-1.0215390351863296;-1.8514136851659806;-0.19117122269681303;
-2.0364156295418114;-1.6183563911870826;-4.984446429981665;-1.3865140676804466;6.246653127010822;2.600463582914778;-4.887184086159858;-1.006079785101844;3.776082139877127e-11;-4.268138869649885;-6.791070684260594;0.18561300354435217;1.6694924181539454;-1.4937590938495988;-2.048836684277264;0.13079910811199563;
-1.112268743798146;-1.0508247091868592;-3.2608415009015697;-1.0004210577611934;14.020866377982173;8.687823802867143;-3.195608409795353;-1.1271485041033285;3.859443085259897e-11;-3.441558459758988;-2.5819052596819985;1.4278009571894357;0.20572158303202692;-1.6602757655951705;-1.6980996165676017;0.28385447538759745;
0.13837974125806118;-0.02128512753016909;-0.8001064632112302;-0.2473792577396119;17.86309429875599;12.169611337162214;-0.6211445295978058;-1.0022646854882247;2.9316505813583625e-11;-1.6717841643722877;2.2613163026482996;2.2428326167644643;-1.0399637055536484;-1.3348750451715037;-0.8699982271493973;0.29947315374367806;
1.4626708659699215;1.209113019579582;1.684735656432835;0.6169160687831052;16.87273120351692;12.21228402987212;2.1276743403481104;-0.6036581023162232;1.2411501001940863e-11;0.38848834825628364;6.159802303132117;2.3823960525894403;-1.611329510059121;-0.4969774215985123;0.20999656137093659;0.2554969633914545;
2.5627661003918165;2.2612447756349203;3.5137034469351778;1.2810375861135743;11.587056725909015;9.058103007424755;4.290247709510132;0.0035359769081441117;-7.703924989084758e-12;2.053452358357679;7.87406836012088;1.8088454765504185;-1.3469841954988822;0.6691319459526155;1.215092699230151;0.21925870368000822;
3.169909298177707;2.76024089113035;4.236390907136704;1.4875950856248774;3.749080433066636;3.8815256880879963;5.283479354185848;0.6649354546795399;-2.595545419065388e-11;2.8374758843696033;6.896318626682614;0.6852810593115926;-0.4335230220112125;1.8192094685115012;1.8185191840171873;0.20887887724905957;
3.1203104917362134;2.476339512023264;3.7570650722729586;1.1356328017131752;-4.293743908676035;-1.6496885413300868;4.882454165886466;1.1838118882029618;-3.75771208377679e-11;2.599189927263777;3.610651824398257;-0.6833954920710075;0.6818246853011672;2.5629144458246156;1.8144875529793902;0.1950218153584879;
2.4099528694142;1.4269103403216314;2.3473240572576404;0.33294031814593605;-10.344479176090204;-5.945035964570989;3.2834111610783863;1.3967559245095762;-3.9298405167736046e-11;1.553519937889965;-0.8283627518368135;-1.929532933987917;1.4835559291189808;2.606204242489642;1.2098734280708585;0.13730742025286136;
1.206679322316818;-0.10604085860945212;0.5391888754223556;-0.6323451306618825;-13.008455718418226;-7.991029520876765;1.024245778638406;1.2407114488308792;-3.0575812104611863e-11;0.1581576002524241;-4.8727680645705185;-2.707039701448303;1.6031887513468663;1.8682991087912255;0.23788376886139584;0.02560028317529761;
-0.19086184594012634;-1.6544410069516151;-1.0645520218884144;-1.396207007339522;-12.036985362350137;-7.614926009994386;-1.205149782475206;0.7771972291946093;-1.3762235121772154e-11;-1.0729150268367702;-7.10504044177194;-2.7758950357300187;0.967371506745123;0.5260481771060432;-0.7231867945415723;-0.10343753779417564;
-1.4403037729167982;-2.7153802415203803;-1.9961530133733336;-1.6571055295377812;-8.275194224915179;-5.438990962552039;-2.7928722785170046;0.16727976687722398;6.794709817651173e-12;-1.751091115071397;-6.734521816773966;-2.0735767360801525;-0.17849849668132145;-1.0336440715694466;-1.297094399450914;-0.18310206449846292;
-2.262413951678888;-2.9281513766587826;-2.0736083577527245;-1.2916575047355399;-3.261837587584177;-2.5616437947287083;-3.39530744541368;-0.3877362878555288;2.5759329612257402e-11;-1.722896664035079;-3.8850068265695734;-0.7485446694073765;-1.3756337274461223;-2.3364219407089353;-1.262187981981846;-0.15369908764602913;
-2.5292859577367746;-2.2170551176395037;-1.4434657593599645;-0.40484684841801943;1.358047947731158;-0.09691620403250845;-3.024446220840931;-0.7190405007949171;3.7917967450333255e-11;-1.082270774179332;0.43961301716233514;0.8645104470581757;-2.1408098036909315;-2.974673566689738;-0.6455728585787774;0.0010093546942397946;
-2.2978563793814875;-0.8384953243208156;-0.50083998337463;0.7013208156767858;4.391146117120843;1.2480834161806933;-2.008308605895473;-0.7530810533887942;3.981239439859421e-11;-0.10407300064332436;4.705021499060191;2.3271806495168255;-2.163884972225863;-2.7425389153214477;0.2814753156448365;0.23460513351728635;
-1.7690328739757046;0.7025529261571086;0.2835046232782541;1.6319511988474251;5.427551449911428;1.3956344471294369;-0.8434630855479459;-0.5399325589264575;3.089740426796754e-11;0.8625508202758502;7.38685252953909;3.216363392088496;-1.4351827962955255;-1.7068719835580264;1.1085290060432633;0.44576507977877705;
-1.1829079838026744;1.8456363341591646;0.5626213980344306;2.0441521727610206;4.840808574712052;0.838745042318725;0.008579304924044795;-0.2297173071484373;1.3573733650899397e-11;1.5059739500356812;7.509508546190589;3.2493208296101566;-0.24575066179230398;-0.18569121387979237;1.4540504836708146;0.5154939167659873;
-0.6983529510733182;2.201335620936138;0.2572494561271812;1.7796465857059014;3.487332040772456;0.34021829894834266;0.306317499329386;0.00048662820291844877;-7.494352381914058e-12;1.641825746409528;4.993679250154925;2.3818548518529052;0.9445390208431301;1.3609069274824024;1.1306691519617875;0.36383259878617746;
-0.3228002602513258;1.7111280642094977;-0.4201835676662733;0.928169586890462;2.2588283927668633;0.5340658216894525;0.11628813888384948;0.0361434698914358;-2.6555124063281184e-11;1.2582128055583686;0.6875685018308761;0.8443911970645144;1.7089772353999293;2.48396212635365;0.23568383290247796;0.0007864570054837983;
0.06739642009418434;0.663093319109513;-1.0734660581215971;-0.2103098301508779;1.6894342062080043;1.6101195916585662;-0.23972216490639625;-0.11993623233772444;-3.8318311316732824e-11;0.5037293413591024;-3.9352652544078133;-0.9124681037728117;1.8276106517920678;2.8840960150071178;-0.8791241614576757;-0.45896899236378574;
0.6278747676471712;-0.4482380429065985;-1.3121102901769781;-1.250793025657331;1.7767307558991687;3.2170370267600887;-0.35590474050680565;-0.3598537633222785;-3.936418979831853e-11;-0.3763138962271132;-7.30433070147366;-2.3618150605428534;1.3550126119427404;2.489160841899947;-1.7515935382696655;-0.8344369151708091;
1.4232811794813505;-1.152927031054644;-0.934293892514281;-1.8785681317736747;2.0687469339852687;4.617029578379219;0.048999423321018254;-0.5376452770615003;-2.9533242762694166e-11;-1.130284340123558;-8.30839010545183;-3.087754769030131;0.5641839800972452;1.451283602842441;-2.006320154165735;-0.9588366190236938;
2.3470872489384043;-1.2146782372545222;-0.020959882193286816;-1.9612761515089399;1.9459615513982835;5.011553950035452;0.9819503570010335;-0.5449584168028879;-1.1766211930551295e-11;-1.5806933138000434;-6.672469968038455;-2.937753952776275;-0.1922668942178538;0.07433937948721292;-1.5177192296308348;-0.7644643390018822;
3.1274837345059026;-0.713701220150474;1.096521053579694;-1.5704438856603888;0.9543930452697744;3.8937204589257695;2.149878606922355;-0.3538281913760474;9.065894150716333e-12;-1.6627214785198465;-3.023539737982017;-2.0660457235864005;-0.6347380697428491;-1.2903332338642735;-0.46717153945062284;-0.3246207074824383;
3.4180822833024314;0.030075941232559522;1.9744622395716172;-0.9167087723559473;-0.9494429835504352;1.2940304854641633;3.0670279275351913;-0.016202150234805313;2.7166837292966246e-11;-1.4117682371113223;1.3678580710486878;-0.8446359013614788;-0.6626186577934221;-2.3360058117622042;0.7299085659464029;0.1744756964414399;
2.935147868391346;0.6373095672717757;2.2391539398053992;-0.24095351879478133;-3.3340630386895613;-2.168909991611363;3.250131381377898;0.36822981523675;3.774588463701952e-11;-0.919724084194028;5.061137261886063;0.3098001323665128;-0.3779126025889791;-2.8546078723044186;1.5954665838679558;0.5190895850699087;
1.5895950370416019;0.851588085189608;1.742445177904763;0.2891036475403359;-5.436208187970114;-5.46320065175818;2.4264660948423673;0.6990063175315349;3.781911999560965e-11;-0.2910400180835555;6.949884763606888;1.104864316953722;-0.019949845815605327;-2.7525780089217244;1.7882243453826574;0.5691290776527567;
-0.4341223101570697;0.6392588491598243;0.6336059463232617;0.637117345389137;-6.4580707843169645;-7.496299472445108;0.6769130230778366;0.9150900920061515;2.7563093749203833e-11;0.3814349556181782;6.614627028026898;1.4629947838269775;0.16029231817700373;-2.0446931994320092;1.2508672779991594;0.3298923136794796;
-2.6875904045609715;0.17330430872418978;-0.6846057091336137;0.8867946047573465;-5.895807034385346;-7.519893355604711;-1.5489145717843373;1.0067572955565078;1.0149795879905941e-11;1.0187487865926523;4.410582428003201;1.5035036771851562;0.028371519542352397;-0.8435480109810527;0.24300644759208523;-0.038934742064275274;
-4.567867777790953;-0.2777748627411454;-1.7089687855434177;1.163054746503614;-3.7581351974476713;-5.426912098391015;-3.567632117610344;0.9935122065871818;-9.757001328064592e-12;1.5458018901977626;1.2765839255978793;1.4337822528557211;-0.3647178675961817;0.6484188211204573;-0.7608590711189025;-0.28918644916284786;
-5.500511420641217;-0.4945623299361272;-2.040744404858543;1.5246820277618975;-0.5820830659642324;-1.816841380553147;-4.702787249653085;0.8851199182493983;-2.699438465455901e-11;1.8815927988267718;-1.6496158903621656;1.4071979897013223;-0.8067326030124997;2.151297657564837;-1.273890074987417;-0.20493279136286324;
-5.134004814973974;-0.41009082876441616;-1.553058235396516;1.8913894507458016;2.754909293162979;2.2008650262278664;-4.534928031355376;0.6564879670106398;-3.6931521563034405e-11;1.9407562303826642;-3.4560164147027224;1.4233042195883654;-1.0286705020852778;3.3375443287645226;-1.0164148009794403;0.27555566478843985;
-3.4711293519692727;-0.1214669781714171;-0.4455225139045411;2.054073742648713;5.340540375521679;5.38975967238752;-3.062035812167502;0.2606221339052853;-3.6869594064603396e-11;1.65386032660276;-3.759287797434621;1.3263648009764004;-0.8376063897160615;3.8886196693686967;-0.05393917037418339;1.0007946924471758;
-0.8851305930858056;0.18571513855514254;0.8351631130995897;1.7697373143007347;6.525448890921071;6.8101488399163355;-0.7103963083197737;-0.3233826289785029;-2.7024634548680022e-11;1.0039664664346115;-2.7821229494559816;0.905364384151712;-0.21497637629922295;3.577297651487953;1.2118715160357199;1.647959387750627;
1.9839688448225559;0.3433414094605661;1.7700279115038662;0.8942171010758468;6.106434838347331;6.1294528645272734;1.805151068857743;-1.0383562996752438;-1.0024370692172533e-11;0.060743127551272424;-1.194762675803457;0.041809047752505935;0.6627463199833085;2.3559418263980594;2.1992445824081734;1.853232627345872;
4.412359083679407;0.2730432912598886;1.9645843060634336;-0.5140032864554243;4.34551490157218;3.714143082681551;3.7173538625572844;-1.731347574413295;9.803692345504491e-12;-1.0126655060437277;0.20057296714357564;-1.176185633284433;1.4869110308938485;0.4130064499569661;2.384739054025931;1.3734964947389994;
5.792590820929168;-0.001293089815196713;1.2938475486578935;-2.1704446276881595;1.8405389082308599;0.48049048039418185;4.45678802696859;-2.1913198239757414;2.7181517415970244e-11;-1.9909557561330848;0.8081649462064484;-2.438409925984077;1.9338406598023516;-1.8377763304124284;1.525792578313026;0.2076611050431214;
5.791988508645626;-0.3860568378787903;-0.05177510686582898;-3.634668835380723;-0.689103084039538;-2.434611344939123;3.8349566776780164;-2.228824756469548;3.737294723249007e-11;-2.6463794075891087;0.46361196579630937;-3.311179284175251;1.7877830075884509;-3.8469142260415814;-0.22174387689669484;-1.3743378977935086;
4.430813878275046;-0.7627162596001942;-1.629132842140183;-4.445203427281276;-2.621330695271447;-4.064401934437953;2.1010982898739705;-1.7559168988216562;3.7509741144617105e-11;-2.8135946525933995;-0.5368253483515404;-3.410036314989762;1.0233343099093855;-5.077225992111848;-2.3361309977602027;-2.9063688600673427;
2.068197016195465;-1.0167327306297922;-2.8873213796516564;-4.267584266169098;-3.588863205605688;-3.9335393567315644;-0.14522151199601185;-0.8274207444108803;2.7543199581128945e-11;-2.4339638769937464;-1.5964793419864995;-2.5700560007695183;-0.1781570985339893;-5.162729553090616;-4.098936435035091;-3.8749415281248636;
-0.694544608544289;-1.0475766148606034;-3.3454738800825474;-3.0059931192083726;-3.543073812906628;-2.2094318429689634;-2.1554490553035572;0.37117620161205744;1.0230985600350699e-11;-1.564103357208253;-2.0859015743997262;-0.9367455195812728;-1.4768463515464185;-4.020515007462623;-4.838821540821012;-3.887838939984198;
-3.168896284061934;-0.7808580411213469;-2.7478443482908217;-0.8482569573193617;-2.7243253892089725;0.3610935288997612;-3.279972165465923;1.5798531258159048;-9.910623440435683e-12;-0.3522158420540902;-1.605036543490536;1.064100025752812;-2.468423901695571;-1.8769642236016688;-4.165171440714595;-2.807355295150105;
-4.756054347591909;-0.19628241118829381;-1.1525182762457051;1.7632160246341635;-1.5574269797040818;2.712253077561302;-3.1817301386641;2.5379545867389517;-2.7555677947815365e-11;0.99976486720939;-0.1454301126959412;2.865958141568043;-2.8002679140165094;0.7927731478743936;-2.1143410212863634;-0.8091372993313648;
-5.100492072148089;0.6418240935535864;1.0679075846625947;4.225250771053972;-0.5026279829727023;3.838702192739175;-1.9474700895621884;3.0472492356665324;-3.804797890459437e-11;2.2690513716703773;1.895457434872902;3.9527012779432673;-2.2844869183039407;3.3837649429878613;0.8370649063931923;1.6487502404083378;
-4.177910908783183;1.5744780398959315;3.314545970783894;5.91307231992967;0.09484988615031131;3.168359145312611;-0.05737945001642242;3.007162005677239;-3.8309285754645586e-11;3.2331108212897592;3.8440737172339707;4.025701523124674;-0.9781488607915123;5.301911776727809;3.895565094754019;3.9380978462055025;
-2.294553884077319;2.3693938832516688;4.921873481588943;6.337038985270565;0.11009373767492336;0.793928474057918;1.785592889033534;2.419964025914617;-2.8269114523762494e-11;3.688320668580383;4.978589194683003;3.088471219510133;0.8001624510245005;6.095230783241938;6.17546979523734;5.42575551926585;
0.00014376399417415087;2.7701488011362687;5.35052132636335;5.281153109853055;-0.3331237152090343;-2.5274102278733546;2.9105696724118406;1.3753203141056902;-1.0835563994048187e-11;3.4811449162904613;4.7815781397407315;1.428739717215709;2.5368724995386613;5.554029685476409;6.960615613112896;5.64940528204764;
2.0655338669214043;2.560952802072572;4.357528159675628;2.884518226581319;-0.9157794550206431;-5.613136195094771;2.9183355714497443;0.027023624524213696;9.361518257007179e-12;2.5550190525435434;3.1353076786253373;-0.4845814007733509;3.6666721633541353;3.763377649958633;5.925998424450622;4.456198350153954;
3.3489853922781125;1.6334022758746145;2.0884889589063733;-0.3638583710564842;-1.2389285432851889;-7.2534089951312115;1.8120852834880785;-1.4280887430006843;2.7081110534446563e-11;0.9957142954280895;0.39016705650951833;-2.149309962534264;3.7552248340691006;1.0939602869073588;3.251036738455035;2.0634115555067503;
3.54451047876915;0.04563508687290918;-0.941028101787055;-3.723087037093054;-0.9659945808035049;-6.633214585099625;-0.02253502731132251;-2.7629944045900823;3.776082139877129e-11;-0.9512631709363688;-2.724262600494968;-3.17495692289668;2.662030290434529;-1.8736100652111265;-0.4128490609701805;-0.9797753793849009;
2.683042868503163;-1.9389689455612253;-3.9714072270790073;-6.370209073368275;0.048097294605477625;-3.6380687006381045;-1.9666751045522686;-3.7297159712990515;3.8594430852598966e-11;-2.9078401029375005;-5.319279383205004;-3.380846764999625;0.6219179385781568;-4.477433157275198;-4.114271514630933;-3.922705335166836;
1.122062012797456;-3.859177783188236;-6.1964906394116985;-7.602999900045915;1.6788828581034707;1.0582848947901855;-3.378369338576549;-4.083805324102459;2.93165058135836e-11;-4.434353130114792;-6.623218636809614;-2.8194328336185044;-1.7944583951784279;-6.124467831153182;-6.86534113008628;-6.003416634544445;
-0.5700375667024193;-5.139036639968714;-6.9799760044999175;-7.030632963077123;3.5343445168037975;6.158925692554716;-3.7858478471990367;-3.6416804409132695;1.2411501001940824e-11;-5.129835175045222;-6.221176323671258;-1.724751211152568;-3.841404341382751;-6.426969913511695;-7.920487616649019;-6.650822395682267;
-1.8056194298409372;-5.253914362700499;-6.036468410115338;-4.705194956064396;5.046263431184748;10.119309499005494;-3.01627280898309;-2.3633950778282546;-7.703924989084806e-12;-4.739408604120168;-4.183461631798812;-0.4162435935585914;-4.837289081065059;-5.299243573924462;-6.989682640228929;-5.648339935647213;
-2.182547592163621;-3.936756712454206;-3.529297795748853;-1.1483465996904;5.630260531254704;11.621148706759069;-1.244008633795009;-0.4217419709132473;-2.5955454190653938e-11;-3.2424256025192086;-1.0479836415936843;0.7980791726004364;-4.403470873374747;-2.9940537631252204;-4.322880406348081;-3.213531313936464;
-1.6247818156340608;-1.336399827130053;-0.05140141316009883;2.755649615338676;4.8688928580995;9.995649087251483;1.0479837968767454;1.7914834120670182;-3.7577120837767955e-11;-0.8919734441198339;2.3340092322587633;1.687705830418508;-2.612197453856737;-0.05656466708107866;-0.6380073694609858;0.0383601947337886;
-0.4048058829595709;1.9558271078243439;3.516410702557107;5.988343337231986;2.6666515692287334;5.462680215305018;3.193808983648883;3.746872244388717;-3.929840516773609e-11;1.8179047141147886;5.043212952374427;2.1280644972852865;0.020051719055329098;2.8103403963924047;3.0878572511761146;3.250944598062022;
0.959531581271899;5.04127485043417;6.238976845260772;7.686394963242334;-0.6671180039248088;-0.8903264990135078;4.5350972119532145;4.927943350180172;-3.057581210461188e-11;4.259226184239422;6.358270641362051;2.1006352104459833;2.696327860504209;4.936173788310026;5.899745537689622;5.566811074843443;
1.8976773097780253;6.979821194278762;7.390425122837787;7.402344963466682;-4.441113724609965;-7.391536645011856;4.624774095174594;4.997373503388227;-1.3762235121772147e-11;5.826891495552173;5.963749933017139;1.6773482875573964;4.600185365642553;5.864832471353283;7.131564051800685;6.380271907445595;
2.0028672727346275;7.1068321310825215;6.67059569850079;5.249620961944194;-7.724450638551186;-12.255981780150043;3.3786888023797674;3.915118388370769;6.794709817651205e-12;6.103619618472472;4.037257642138853;0.9976352978758819;5.160880137548478;5.468175963878969;6.579046661222403;5.521477928396766;
1.1945843866951404;5.2875867859245;4.302466433858969;1.8758090671850698;-9.584961391826415;-14.108247710180754;1.1208937546323088;1.960226124785597;2.5759329612257454e-11;4.984493722645573;1.191171826953537;0.24006756663537232;4.234048897621943;3.959300414474461;4.530968180750692;3.3088056550342158;
-0.23962457445835916;1.9999244248010175;0.9702891402843408;-1.7377676555898098;-9.3586899534083;-12.3929755952628;-1.500911233254414;-0.3561132350089844;3.791796745033331e-11;2.718078797017191;-1.7125235110289654;-0.4130736996986414;2.140491739433782;1.8056567869663351;1.654223383441142;0.4462477077840403;
-1.749233916604866;-1.8027165217899968;-2.3895942349127113;-4.5896686887430835;-6.8661197306291335;-7.539113057097756;-3.7110464053055434;-2.4543948246518403;3.981239439859426e-11;-0.15615320444711012;-3.8237029884377947;-0.8187557801127439;-0.44873125116198587;-0.42952620300750066;-1.2279454079537668;-2.206973373592593;
-2.736953650281296;-5.003615458135498;-4.879337423964542;-5.9775502346285805;-2.504454961493862;-0.8260196848219454;-4.8519679273607625;-3.86364636789878;3.089740426796757e-11;-2.9576804042440177;-4.569895547147639;-0.9175539153311731;-2.7421335958868434;-2.262412720464777;-3.392370470204739;-3.9200415597605636;
-2.796421800405544;-6.6931536507725555;-5.913156815314456;-5.706607128169107;2.816279374480014;5.998831182982666;-4.597784931275392;-4.347564460971048;1.357373365089939e-11;-5.051804034934738;-3.8430438548523798;-0.7622233567337593;-4.091170440919437;-3.4150844058805445;-4.423096166210939;-4.326908457066077;
-1.8700343722082324;-6.4613289307872925;-5.378687523158537;-4.109488717411761;7.879705734336873;11.221983792498358;-3.059599364575801;-3.9438117349393327;-7.494352381914093e-12;-6.011048173428512;-2.03490514462655;-0.5070566262987832;-4.191422009906914;-3.8498981169723647;-4.301773295117517;-3.526650040841416;
-0.26465713336974694;-4.514103069858498;-3.6316858458655856;-1.8742551371836018;11.459678929467337;13.628379110681948;-0.7431395334506765;-2.9116648321815846;-2.6555124063281236e-11;-5.70213000087926;0.10568402874320038;-0.3460417487783859;-3.152613110606304;-3.709078533219686;-3.3546559291058484;-2.008923634103834;
1.4721230253774023;-1.5810792851236244;-1.3336350773495225;0.24403225949305152;12.629455054144046;12.792677574352828;1.6262572147280148;-1.6095997574101855;-3.8318311316732876e-11;-4.280288400739115;1.7504949405292025;-0.41723967852264643;-1.4229633438082148;-3.195490775346146;-2.0817224777406587;-0.43477178474546774;
2.7585203951364283;1.3515496340361661;0.7993621496199815;1.7054624159622505;11.00059603464653;9.124276416667282;3.3485504564984687;-0.35065585323510096;-3.936418979831857e-11;-2.1073357833772883;2.3020309034502002;-0.7184652226958407;0.39315594884104943;-2.4542722604242253;-0.9392839769326227;0.6367725435747835;
3.186693429020623;3.391684582198897;2.2386688487842;2.3460838372268027;6.8293394568589445;3.676891653659432;3.97713655653553;0.7035002919441629;-2.953324276269418e-11;0.3651710506093244;1.6183662228470097;-1.0822208247183487;1.7517263818532185;-1.5156182691342452;-0.1666843657189332;0.9624197681040249;
2.6566092417708767;4.0501514433707015;2.788257234784506;2.3613122502471375;0.9668349670360854;-2.192265554526844;3.446520358136678;1.565338204987702;-1.1766211930551282e-11;2.6994922999890734;0.06724990839652545;-1.2325288149162856;2.3414723714171;-0.33014930127518904;0.2721657581763285;0.6815492650062672;
1.3904425984257025;3.389384405892653;2.58835302036632;2.136361332175152;-5.329015277713209;-7.19261932344768;2.0545281592005766;2.3526369295661573;9.065894150716368e-12;4.530908395976215;-1.6143297628864606;-0.9078858499912399;2.1565495052025487;1.1247402768718586;0.6142847948071124;0.21405521671548944;
-0.17105576404665546;1.9480354479531499;1.9906853597684546;2.0116186977625405;-10.670239030559822;-10.387147831872186;0.3178153159924064;3.1583669065633533;2.7166837292966297e-11;5.584570105439495;-2.6080705769157717;-0.0017199655454043228;1.4531286172231899;2.7340384929151607;1.1312634575720173;0.03877541486585123;
-1.5423008672523686;0.470225363091314;1.3688440930707055;2.094452221218338;-13.841867365188415;-11.331854898603467;-1.2291503986284482;3.922245896328441;3.774588463701957e-11;5.677730316232455;-2.345696693840874;1.3418520777567253;0.6148565138296274;4.199412391046342;1.9496303127227375;0.4505041647616488;
-2.3615828422793332;-0.43619745896092477;0.9515844923300978;2.2056927938326596;-14.07476470932844;-10.07068283865037;-2.206358695893971;4.377640061258832;3.781911999560969e-11;4.736987637140922;-0.757899026232709;2.7277879134459058;-0.014190857468271312;5.093973596167912;2.9410552155304277;1.4019955571797202;
-2.4878246751843247;-0.550129259190155;0.7507722418076349;1.9856972279316745;-11.237956228720059;-7.036723629353661;-2.4700994062697235;4.121785572468765;2.7563093749203852e-11;2.838577985125586;1.6620673063651332;3.622556342825414;-0.25851907124356166;5.006051575447307;3.7381826369552615;2.502660476577394;
-2.0003136810149558;-0.08556749179021406;0.6038704233900696;1.1078981831623969;-5.901565322342573;-2.9164853340230805;-2.0940278232776635;2.800543306999295;1.0149795879905941e-11;0.24936693063680915;4.018056404108528;3.550681384337361;-0.15227930067040285;3.719210334915576;3.8782952089490204;3.178483285784752;
-1.1248936963194534;0.4664755062205494;0.2942649864993425;-0.5047962984657985;0.7665641818529139;1.489730897418116;-1.2879111378794084;0.33376043483945583;-9.757001328064608e-12;-2.5696562265633944;5.343239238170545;2.3049016864646394;0.11231863444651952;1.35288926639413;3.0167457310920915;2.926657100466186;
-0.13477213505084362;0.6097464076529961;-0.31594663270445444;-2.567475827025561;7.268654812816811;5.4016048739575435;-0.3085516290350714;-2.929950577999948;-2.6994384654559036e-11;-5.025094924042769;4.978845920080463;0.08108819300678638;0.29149731285826735;-1.6052862652938735;1.1161664466482222;1.5569998778198384;
0.7322615811572748;0.09460438128623094;-1.1985845058201403;-4.484524963614054;12.153610318997693;8.186356020870457;0.6022592163386511;-6.220253270893295;-3.693152156303443e-11;-6.518401174208691;2.8492253689688565;-2.5309304211010595;0.19917433217825342;-4.406221673350806;-1.4744983639532125;-0.6834975210785301;
1.3206452158048725;-0.9598637822844132;-2.1471664822582555;-5.552798781895387;14.40383497390648;9.475006973666062;1.251697592718412;-8.537716098954128;-3.6869594064603416e-11;-6.6108074100264655;-0.4764905570447384;-4.715328129633683;-0.2199398929271965;-6.260525673061448;-4.090827942890798;-3.160187093516602;
1.5682873908571082;-2.1201426284037277;-2.840742706759115;-5.237796949865526;13.697886934152987;9.225546725168678;1.5184476743915516;-8.977249670574468;-2.7024634548680035e-11;-5.177009192523367;-3.963523481455489;-5.706332524739405;-0.8691337177290916;-6.599764074273239;-5.952941133689304;-5.060122681403906;
1.4918847069838521;-2.8409467538755724;-2.96225297889291;-3.4095877133227837;10.418798267035264;7.65945664893858;1.3713917694042115;-7.070016638246681;-1.0024370692172533e-11;-2.4876115898491085;-6.4711259340516865;-5.072021208778445;-1.5278426083825432;-5.279057336097444;-6.425335402239207;-5.682064551204667;
1.1585446353776017;-2.7209405859415234;-2.330643585868928;-0.4394393190233159;5.399647559035861;5.072979702227926;0.877717885096221;-3.0164143384696285;9.803692345504501e-12;0.8282689784117605;-7.162788034403778;-2.8939621097973;-1.919926465355131;-2.6408938986597015;-5.245311438312694;-4.69835310324554;
0.6583731332470579;-1.6890356999134963;-0.9937717035021525;2.8873956486928587;-0.4274340271460537;1.6619818540611555;0.19217387578428402;2.2868332457368084;2.718151741597026e-11;3.945501212815344;-5.809051880596942;0.23251630036190551;-1.8087797303712063;0.5845139333521479;-2.6371847061569573;-2.292042234538468;
0.0891957308564365;-0.03800098656994111;0.7600287758446669;5.615528568862887;-6.259058498563501;-2.473808247783799;-0.4775679322089154;7.456762603960117;3.737294723249008e-11;6.081007632373597;-2.8608140677088194;3.382986798819063;-1.0941357071772095;3.5075287393100356;0.7338776042070019;0.882321805552909;
-0.44900812076112057;1.6979396747851283;2.477713419897951;6.9302214399927315;-11.41597586207125;-7.108497775105654;-0.9305336116084302;11.017428958331738;3.750974114461712e-11;6.723522865327845;0.7353146051537829;5.607857502316335;0.12376082036469416;5.356988227259033;3.957466508820299;3.9020538364359214;
-0.8619306896677883;2.9562078669349887;3.675340179967972;6.421702782494854;-15.177671871853516;-11.589787947063162;-1.0426708901522375;11.852973161242833;2.7543199581128958e-11;5.772862509791663;3.8961673561962007;6.2447994031914975;1.541890010099805;5.708788592326249;6.1555877836934165;5.871580636546336;
-1.077650714126818;3.3532815320146683;3.985566416617253;4.214672700392319;-16.65966950311823;-14.708003691396843;-0.814749340451808;9.575873430805238;1.0230985600350705e-11;3.5443301792257986;5.781538972476138;5.128494737739182;2.7269254045771003;4.589003346178933;6.746890146647917;6.207275226098057;
-1.0670013977600976;2.804348788595368;3.2744818746435262;0.9281081204516539;-14.93036899484595;-14.933966613286048;-0.36992348372268324;4.690449617077858;-9.910623440435686e-12;0.6491345778342046;6.045974634116263;2.6301616903304446;3.249754048650076;2.4327987198716947;5.612811658046285;4.81954140660487;
-0.8554130346842146;1.5257888967568354;1.6933172241090428;-2.5138830633609848;-9.415448457423174;-11.033534169772137;0.10102550211307293;-1.5114806260264908;-2.7555677947815378e-11;-2.1943618991076406;4.882548489166522;-0.4770413789408825;2.8409193218401603;-0.06784719087010194;3.1187685067089856;2.1380336510673854;
-0.5153931580991505;-0.05599403071124498;-0.35070013938728484;-5.157457743434216;-0.4344095627001474;-2.8327964092827944;0.4253996834351468;-7.306604042522388;-3.8047978904594394e-11;-4.348696088083317;2.8677915132957033;-3.273651215974195;1.5112153466445355;-2.1728934439227476;-0.008616107491880243;-1.0248996032665139;
-0.13851446785371663;-1.445170685832676;-2.299827178215286;-6.298349186313081;10.429980210028656;8.244567787335095;0.5264525053908442;-11.049592526882238;-3.8309285754645625e-11;-5.391510994428735;0.6928143468154517;-4.982067147613814;-0.4111995924236558;-3.3050511152917603;-2.9038966534482227;-3.7291296284132534;
0.20009931801137246;-2.2265341096396343;-3.6044408415580533;-5.685212582853499;20.426045024062496;19.226007326739794;0.44920435308307827;-11.681745719928957;-2.826911452376254e-11;-5.177387775010586;-1.098398622785006;-5.193651885627633;-2.353289167476853;-3.2143603627754715;-4.814827738894147;-5.200242005393991;
0.46446221895206674;-2.191994107197459;-3.891566600484122;-3.586567328755542;26.313577687266772;26.36605177901136;0.3168653438172959;-9.074566515095718;-1.0835563994048232e-11;-3.8361732311716583;-2.2599407412908903;-3.9673966503662497;-3.6711585184859286;-2.0540127782771194;-5.3104253133955135;-5.0684033500390795;
0.6546000639194907;-1.4119091374850177;-3.088070553757335;-0.6982072633034082;25.472262949560992;26.45739899870156;0.24497573589155797;-4.08712285407378;9.36151825700714e-12;-1.725633453567086;-2.8403077691049594;-1.778276435903724;-3.875369454982907;-0.3371874248979949;-4.386302294789223;-3.474826095925832;
0.781441939192463;-0.2231865624897118;-1.453339960515362;2.0817521802329706;17.03240504399593;18.196277468791667;0.2648840617221292;1.6967345410768009;2.708111053444653e-11;0.6468088968538768;-3.05249182467845;0.657586572638438;-2.8254390267535356;1.2268112493799774;-2.439295152332531;-1.0105945654261101;
0.8378538490961432;0.8768779003798544;0.4950057300116528;3.939096863321024;2.5384609984320052;3.024132499787548;0.30119966476705584;6.480402860832266;3.776082139877127e-11;2.724596186897181;-3.0981552034246853;2.6165656118411618;-0.8122988428317921;1.9773322886233904;-0.12378878531268189;1.4905971446499209;
0.787203369309097;1.4103897491075448;2.144483710196777;4.398665731945719;-14.212087040447528;-14.981901142587859;0.21855274559075555;8.852636506109118;3.859443085259897e-11;4.01735286405092;-3.036430984006774;3.5833282693082387;1.5147487566419184;1.5510519247828234;1.861742115934535;3.234231454250852;
0.5805545230248681;1.1149700670017526;2.991142159259902;3.46338310012712;-28.210866116072143;-30.25086197027224;-0.08470468823083677;8.259693622458432;2.9316505813583625e-11;4.216961405055015;-2.7569578934253087;3.3856952385091614;3.3623711213248098;0.043259492578126224;2.989438575922708;3.724698318879387;
0.19435213979354332;0.07414558094485035;2.812736831493872;1.5887793529626242;-34.86061779820254;-37.55847426266948;-0.5879107952562783;5.170097481848874;1.2411501001940863e-11;3.289236748336854;-2.062210233789162;2.214908457974805;4.07826335470456;-1.989377783352362;3.0502779775577915;2.9147127475356975;
-0.33402503195284267;-1.2886348490918693;1.7433738922899593;-0.4972254389624291;-31.60544230010145;-33.91475662453743;-1.1210090531051695;0.8667621382404751;-7.703924989084758e-12;1.507338497198741;-0.812479332477722;0.5335228125925899;3.399146955276741;-3.703203781658762;2.1900019359465066;1.1956132421111558;
-0.8945248036917117;-2.365625878883393;0.2166189093097426;-2.061162973765038;-18.944637012812326;-19.775319644925393;-1.4249873575127827;-3.04852426719081;-2.595545419065388e-11;-0.6010537074563003;0.9394899888891064;-1.0920605019266447;1.5575405115390648;-4.27014044688667;0.8257773749992117;-0.7622250262696162;
-1.3267942762915923;-2.610445417350288;-1.201472798670998;-2.618259385805904;-0.4127187756688695;0.9227509755066023;-1.2761907721184758;-5.24345835625568;-3.75771208377679e-11;-2.393971859149908;2.8921678772358748;-2.1739516124464062;-0.8012675183859597;-3.2035206330290444;-0.5201861672867414;-2.2556285243775585;
-1.4721222423035711;-1.7708811849900172;-2.022919720795647;-2.0842023869318327;18.505608997465664;21.964059955070717;-0.6122855775428007;-5.115803408748578;-3.9298405167736046e-11;-3.307853395835318;4.551630385047531;-2.439996866660199;-2.857873655275103;-0.5843622091341478;-1.4053511589856762;-2.791464857245413;
-1.2340906066983757;-0.010430716202610935;-2.0082767655807143;-0.774576114961413;32.15246103619546;36.889435084875;0.40952237987079254;-2.9608046742142173;-3.0575812104611863e-11;-3.0430071411690474;5.3848805481018625;-1.889980354081485;-3.9145060180462328;2.9048049882750764;-1.60339104620265;-2.243111230856881;
-0.6209340293985026;2.133631997619829;-1.2321578612248538;0.7417612602738883;36.53426216193697;41.13702457527124;1.4593814446362798;0.2029785521470453;-1.3762235121772154e-11;-1.679843020839554;5.013681906723826;-0.7649836608236451;-3.632798875290428;6.165731211121348;-1.1484620938168955;-0.8696378004410619;
0.24554154468707967;3.9386203641309763;-0.028439826650717093;1.8710484023409628;30.57525095777097;33.52889811754157;2.1654698601411084;3.057991254534576;6.794709817651173e-12;0.3192796848708488;3.3779403446889416;0.5509360254705329;-2.131870802480452;8.037769385918228;-0.2817860040510869;0.8036721823340887;
1.1544085243498037;4.754151997127804;1.1488563854050438;2.209621882781221;16.37093510816537;16.59416392811233;2.262907791287908;4.483015663691395;2.5759329612257402e-11;2.237844366053486;0.8049059562139682;1.6575027809729241;0.07349924143824538;7.701578937850848;0.6634350408911664;2.1896855886392004;
1.8565263071625104;4.230251261181431;1.8892238984672591;1.6681767682529083;-1.6044660859661206;-4.349791019746842;1.695125223754156;3.9427646285129465;3.7917967450333255e-11;3.33817237287147;-2.0535374607699777;2.2489344126456063;2.2579527369094925;4.992263862751085;1.3823077386758258;2.8437632326859887;
2.130870305414806;2.437118944846096;1.9581537441969112;0.4751822093266793;-18.017376944914794;-22.997926425103564;0.6312096399393048;1.6525560926378557;3.981239439859421e-11;3.1315201321580703;-4.408701707402161;2.181101798938146;3.724415615794779;0.5075721390665597;1.6795964089279005;2.5952353015500407;
1.850635277526018;-0.15740798201408346;1.3593229813227825;-0.926386570169315;-28.372845347034627;-34.093024705453495;-0.6020681541382413;-1.5224463652803966;3.089740426796754e-11;1.5866262305116368;-5.590928646031437;1.4905849947444272;4.0195198317602205;-4.53673682423679;1.496912458405907;1.572073951872317;
1.0308744343878016;-2.8392888294913194;0.31172431484582774;-2.0452973192997703;-30.31952504779529;-35.00418793312065;-1.6426603602807848;-4.388944095825729;1.3573733650899397e-11;-0.8155491586100587;-5.281983250370775;0.3721921694405754;3.062416969007528;-8.667144771842803;0.8951016443268858;0.12553582606983005;
-0.15947106109105302;-4.876305396412597;-0.8430112577130684;-2.512903842298286;-24.164207690188938;-26.35219273767207;-2.2195916771080593;-5.856345400150547;-7.494352381914058e-12;-3.2221607407162463;-3.632545344171659;-0.8770315998952736;1.1538167799162466;-10.615440231528998;0.013654879565871081;-1.3071805019435063;
-1.4294128702900304;-5.7421411551313;-1.7624345215678257;-2.201119885869942;-12.498836789428012;-11.541595123901203;-2.2321366436073125;-5.330891545199296;-2.6555124063281184e-11;-4.707140900951402;-1.2124451112355847;-1.9361959331791216;-1.130171019893191;-9.731216717278633;-0.9704877001665688;-2.3479050161104285;
-2.4352544027774945;-5.253701319892855;-2.2064957879234273;-1.2489285009603068;0.8444704756889934;4.55620127195408;-1.7523319555943684;-2.931736566813044;-3.8318311316732824e-11;-4.619503097440145;1.194632698507889;-2.5423347029794767;-3.118940289659702;-6.201175135534239;-1.8713063051708172;-2.7795328066678104;
-2.8706089005411837;-3.5803911349220527;-2.090887027506283;0.0062992114557498535;12.090344437689321;17.25680710373372;-0.9627350996034256;0.5549428356030326;-3.936418979831853e-11;-2.843553344063654;2.8754950692062113;-2.552499740927101;-4.243020519680936;-0.9978050478309886;-2.509978692884357;-2.5780272624372884;
-2.5558378119354126;-1.1475315412793838;-1.4842578224110217;1.1611930331357954;18.618801809391996;23.47917593604318;-0.0721367719050029;3.9654239761869965;-2.9533242762694166e-11;0.13478213040101883;3.4362797385286674;-1.9700560287340865;-4.188476149833961;4.423502462345915;-2.7296052379459788;-1.8778895484757245;
-1.503788770407916;1.5040437095041708;-0.561863207751077;1.8906704126101115;19.54452728828262;22.48941578505814;0.749971794628247;6.17686441597661;-1.1766211930551295e-11;3.3834913343058144;2.9153491327842374;-0.9321422321323847;-2.9730624324619956;8.574076303719322;-2.417024395907777;-0.8962467887853851;
0.059715366897262756;3.842796158994962;0.45824231238599467;2.0492946565672576;15.674156836686409;15.805994306769312;1.3973770598041986;6.495207087709476;9.065894150716333e-12;5.8415005278505285;1.7225132598425386;0.3317783767695912;-0.9304497704416943;10.37760595506294;-1.5334180237709252;0.1496162284212783;
1.7354146205472827;5.42725945742141;1.367826870300704;1.6924537082560667;8.958238811840136;6.395509997015758;1.8096470589474416;4.8731365847443024;2.7166837292966246e-11;6.676003426815062;0.4401672722591239;1.5517629974112166;1.3879272998339462;9.466196331645175;-0.14994647272834172;1.0970397136873513;
3.0493649589650706;5.9477402255560925;1.9968676346729852;1.0172951884709567;1.7010715293105894;-2.4884341226229463;1.938722256383199;1.8918884559964857;3.774588463701952e-11;5.552496587085509;-0.4266558804869576;2.4649543873504127;3.36434583438401;6.239265011046841;1.5242021025848054;1.8469312150201291;
3.58725999219505;5.253666808678193;2.2250045791385107;0.2604473135611891;-4.173792264426796;-8.387495947830075;1.7338682807773833;-1.4699799713871518;3.781911999560965e-11;2.733934752563255;-0.6476110214694064;2.857894140949896;4.477833564413665;1.6872324373832424;3.144071808306059;2.336418143528383;
3.125791581252131;3.390927609823939;1.992483209212096;-0.3942291048002582;-7.582187643837663;-10.28740710795573;1.1630402813176124;-4.185788907096823;2.7563093749203833e-11;-1.0103702735083973;-0.33259355511214106;2.6088217050602798;4.435893649329139;-2.938284456207704;4.282927015265729;2.505403629667236;
1.7232982446122358;0.646218503339731;1.3212275740271116;-0.8558292390113961;-8.385080978366757;-8.681506591770344;0.262707305960172;-5.515577481231204;1.0149795879905941e-11;-4.644583058063812;0.15643645165022468;1.7284385417098371;3.2460829008237493;-6.486027991691314;4.542770132487053;2.28862347745538;
-0.26307623955907067;-2.44154124600132;0.33780703458993644;-1.1074027535422257;-7.1958133141925185;-5.120835747451433;-0.8158052180918824;-5.21013382166948;-9.757001328064592e-12;-7.170192444793553;0.4043429183124249;0.38681389668994126;1.2163886130849582;-8.186569465632967;3.6982267904319834;1.6471885334853265;
-2.257424506844094;-5.1491099035014045;-0.7282183241526715;-1.1585572988300266;-5.014016672085152;-1.4798491537970224;-1.8055588831311686;-3.530630230720294;-2.699438465455901e-11;-7.899921438811521;0.15968994745597342;-1.0953902462652374;-1.1179079053053034;-7.792437262682689;1.8195527888973562;0.6236578818671754;
-3.6358233736001906;-6.729453876965909;-1.5924124760076017;-1.0120596955810814;-2.8264553399072554;0.7731624483743227;-2.3918956258730675;-1.1033436651934192;-3.6931521563034405e-11;-6.630472612069947;-0.534552530342692;-2.3117710666535265;-3.1333438538618688;-5.574125939310242;-0.690643515461451;-0.6186444649208046;
-3.935987366253127;-6.633533151259302;-2.0030835786597967;-0.6668508426184507;-1.2950833182711916;1.0493188982415953;-2.329826437816385;1.317082015584467;-3.6869594064603396e-11;-3.678092639318275;-1.358337214218483;-2.8876047969659653;-4.292760570730582;-2.2042095039859624;-3.1834859615508053;-1.8075647042082112;
-3.0263953545530913;-4.726185720104009;-1.8333683058683978;-0.14940195679114632;-0.6091621213006628;-0.27780503237385634;-1.5560748358288423;3.0845888649730577;-2.7024634548680022e-11;0.22211543833889902;-1.867502184324814;-2.6120824487305825;-4.301882826189963;1.428932448565416;-4.953803455053226;-2.6324194665983223;
-1.1666028708843084;-1.4099038297003483;-1.1373354513987484;0.45404344560482135;-0.5220539484635973;-2.1605665688750557;-0.24016204213479875;3.827154341467426;-1.0024370692172533e-11;4.117320172105185;-1.7090093247432678;-1.5312281979880051;-3.194087107458957;4.435673914774352;-5.468165087532764;-2.848295126332105;
1.0668871850524815;2.4187014340621653;-0.14618707717484525;0.9914429750902884;-0.5366389478389252;-3.387818093088479;1.2476871019426063;3.5044450472375526;9.803692345504491e-12;7.079163334184457;-0.8024637958340486;0.04022499960429626;-1.3139506980356415;6.125635689257072;-4.548949638638982;-2.3722462859226052;
2.964367827782355;5.605361337855942;0.7974703691712944;1.2777431362392455;-0.15976707373853927;-3.1036488254241053;2.438386766740993;2.3586568337819975;2.7181517415970244e-11;8.423521452808018;0.5917493611546295;1.6000099290942333;0.7936780674904584;6.156521873127453;-2.4475674961074367;-1.3299557039447807;
3.9139658465715277;7.114368587701318;1.351123815507706;1.1606764802460285;0.8712454250872281;-1.137985907121712;2.906688415129173;0.7951192637636106;3.737294723249007e-11;7.857595427456686;1.9505139545891135;2.612684023264551;2.5502419385719093;4.6034879441735725;0.22271436899172303;-0.02849999810411863;
3.6031029392406015;6.4125622513577625;1.2962663096652467;0.5961644731594467;2.4712001878079923;1.959656981961487;2.4192778924031657;-0.752516564432407;3.7509741144617105e-11;5.527659432180853;2.6859274402720494;2.691606908662978;3.5102719937086837;1.9333925461408383;2.6765034432935355;1.1413991756546764;
2.1248322068270133;3.6992667163804103;0.6296212090945026;-0.3014748608904214;4.233443688096532;5.16854269903388;1.0416561959724735;-1.9282183863661941;2.7543199581128945e-11;1.9672133869322677;2.3889361760274204;1.7480557872745872;3.477145406061819;-1.1140768818065143;4.2071001145275115;1.840542467438904;
-0.04528353739088464;-0.12811551483838146;-0.41734465933026077;-1.26609246282527;5.577640119693181;7.402741984516125;-0.844449376148199;-2.513751277983217;1.0230985600350699e-11;-2.033256641003484;1.024192099444921;0.049944772756198574;2.5379805039048486;-3.7143107497459167;4.412590967141435;1.9013697293916079;
-2.1971171692858276;-3.7752655548663077;-1.4442848631842984;-1.954516060610759;5.956564678970286;7.90229225555707;-2.636278929771006;-2.4490562842301955;-9.910623440435683e-12;-5.601201312938694;-1.0048983006578938;-1.8417031554533754;1.0165985658857029;-5.171140579156264;3.319228315113673;1.3839356925308446;
-3.616157542955634;-6.011591522228917;-2.015156674064778;-2.069527146569402;5.050028281941346;6.4665855377235575;-3.698900813126627;-1.8234955934615482;-2.7555677947815365e-11;-7.964965901608416;-2.9596273042354606;-3.2486589460711133;-0.6326759691815633;-5.103137044236854;1.3617854820146817;0.5450181250818795;
-3.8239171083125267;-6.115350409182184;-1.815505089068408;-1.4822449935723236;2.8866495659796265;3.4692373076909275;-3.5886152951572754;-0.8414964945180659;-3.804797890459437e-11;-8.612616363892975;-4.01789019222271;-3.610464516583922;-1.9558596730095286;-3.55447400547711;-0.7697721025028583;-0.26644210301466864;
-2.746531077992879;-4.130002988934351;-0.7794738564196795;-0.2990372286255716;-0.14233347747697778;-0.3163035802398815;-2.2287823764265515;0.2350694102008013;-3.8309285754645586e-11;-7.399431702179869;-3.5944483790068125;-2.6954419625564427;-2.6188339095707693;-0.9936702872187806;-2.3637038035768105;-0.7440940375751063;
-0.7479874158846442;-0.8324324901107079;0.8595607722622101;1.1588047390521725;-3.3809184214619927;-3.987843066879784;0.03246605313576678;1.1572742813267909;-2.8269114523762494e-11;-4.581330278052151;-1.609411103797734;-0.704668314724783;-2.486268740666899;1.8137460943883836;-2.920251820757202;-0.7340368682520193;
1.4896395163842462;2.5694793416137744;2.615512788703602;2.4549628017927985;-6.084606765621011;-6.7701742666493;2.5099366784333235;1.7506992510967332;-1.0835563994048187e-11;-0.7639680307688312;1.4106809516140375;1.7766849087226873;-1.6452899062717148;4.030825035677305;-2.3090431592850442;-0.2796082523936627;
3.2001984533289813;4.884180606830788;3.8846325021709003;3.1767166007226866;-7.617097719401012;-8.172773182428742;4.391773344917686;1.9423191805954811;9.361518257007179e-12;3.2222908509865373;4.458598007365039;3.9651706442146084;-0.3746654722543843;5.0024272885898995;-0.8039208294693143;0.4066341323595152;
3.801263639111503;5.354539964191496;4.136561278708687;3.0634053012115623;-7.611414201415231;-8.02933003760464;5.008233780957584;1.7454922336915497;2.7081110534446563e-11;6.496186405342874;6.373643922229496;5.134071293774762;0.9314457296383738;4.452083736623747;1.0115766146025609;1.0244365490340153;
3.1019168856341475;3.900417165084366;3.108791722200199;2.089207291362358;-6.0590930438603;-6.455487422876047;4.069712292234098;1.2262486089181595;3.776082139877129e-11;8.318164055400091;6.267007565249197;4.850694518975666;1.8720649899617643;2.561240951523257;2.4407637562897655;1.2920637474163454;
1.3727977462597567;1.116214611714819;0.9377561856469776;0.47965135369581713;-3.309637840763722;-3.7784612421566752;1.7895870162743241;0.4802082922920219;3.8594430852598966e-11;8.267338361546699;3.894328239509859;3.1212979708188975;2.1585939888912744;-0.08798473547747987;2.91521261289666;1.0470235688392093;
-0.7532872724421029;-1.962371236561758;-1.8341488855973016;-1.3464159369376971;0.020980278793293117;-0.472427662316667;-1.1589655874280327;-0.37232755702211595;2.93165058135836e-11;6.359415748065694;-0.1761301139044571;0.397914581129005;1.7104319845081069;-2.685773317999173;2.2013431280909863;0.3094933524739605;
-2.5166993259154786;-4.23914266407846;-4.400138171317666;-2.897861409075774;3.210959232884223;2.897634148067189;-3.8518912968526258;-1.1858945155741805;1.2411501001940824e-11;3.0608387607931506;-4.691233506035175;-2.5581478891566607;0.6893726596654828;-4.4364879375743085;0.4943652072365774;-0.7173818828596381;
-3.313017810173437;-4.950723982505753;-5.944898022525592;-3.7581273716330448;5.616513949933333;5.740806271792062;-5.426032824255442;-1.7997297850442902;-7.703924989084806e-12;-0.8226944211706284;-8.117444255933961;-4.913496982898654;-0.549040533088291;-4.804705805933091;-1.6413556111275067;-1.7144968326463375;
-2.9124317940364497;-3.9232011896663552;-5.924812016559406;-3.7065367245105607;6.82240054946922;7.528649193836756;-5.379278626981896;-2.0655451900979065;-2.5955454190653938e-11;-4.359052053859491;-9.184822095401428;-6.019362700182874;-1.5775191679789073;-3.690132343624698;-3.4667488900426893;-2.355990246293044;
-1.5317422696321896;-1.5956860910292563;-4.264699853216896;-2.7733635861810004;6.713818317017824;7.901043866699088;-3.7419402594623508;-1.8883408779436823;-3.7577120837767955e-11;-6.73665670151624;-7.365005877481961;-5.599288074751044;-2.048969389305778;-1.467850650798562;-4.325715861320158;-2.417839340859299;
0.2652519826204296;1.1816228551459598;-1.3961775471755353;-1.2168654321699615;5.4555405029660715;6.761178470746316;-1.0565166866638824;-1.2652031013270133;-3.929840516773609e-11;-7.466890969065052;-3.0956646939959445;-3.809360323048672;-1.8182982641032996;1.129419592457478;-3.8730961640499806;-1.8475126291019108;
1.793942184812515;3.4741118757458365;1.8752073883649234;0.5622501639191382;3.4014106981086023;4.3243999331072995;1.8184908242085716;-0.30579753788481623;-3.057581210461188e-11;-6.486068971121061;2.339130218925531;-1.162766040531244;-0.9873719047959761;3.255384645563281;-2.193819051855346;-0.7752898496711309;
2.5105072898091483;4.580659336677073;4.627638761668205;2.138632537273203;0.9791973259826748;1.0941484189717463;4.003341189483322;0.7793986624681781;-1.3762235121772147e-11;-4.139363254201118;7.232015195635785;1.643780208541045;0.14049056455651687;4.239906765097004;0.227003743691085;0.5311240071117833;
2.2099050185006375;4.236288537122603;6.117342883739949;3.1758660874559745;-1.4073803385001131;-2.2428402974183372;4.885819422985153;1.7297332665110945;6.794709817651205e-12;-1.063461732150647;10.027235148365714;3.937724763714146;1.1766853609166614;3.8195042788854483;2.6711393563210395;1.749663365489602;
1.0878798102005578;2.649169471401494;6.004887317384986;3.500539661715231;-3.4353399465538486;-4.981013576271808;4.304890506240808;2.3077228554572917;2.5759329612257454e-11;1.9908527387671695;9.843176641176893;5.244722778338752;1.7886409276171178;2.218826574363767;4.428319615297699;2.5945716458636348;
-0.3534095640545153;0.38246640165078194;4.433637273506261;3.117921909420571;-4.874824034914015;-6.571793561037403;2.5700468705272024;2.3618905864785233;3.791796745033331e-11;4.344175287053566;6.759116160501424;5.379369792125315;1.8110861358986234;0.0510500112323653;5.020910276829365;2.8850960923359996;
-1.5156796933612755;-1.8604242146341705;1.9428910754522566;2.176572250786894;-5.573739006851512;-6.755016773220262;0.3214928163581596;1.8593775367151872;3.981239439859426e-11;5.536578938477629;1.769844943780507;4.438602232255516;1.2881532903199813;-1.9187091991398502;4.335389292842877;2.576587193595287;
-1.946550300027996;-3.466257530741487;-0.7388401038243784;0.9053719147356121;-5.440130330227294;-5.604902491607664;-1.7079099601128775;0.8908740709104974;3.089740426796757e-11;5.4094741366095525;-3.567103259760396;2.7214930411257856;0.43866796742341463;-3.0512930799959506;2.6261747375018;1.7550723877260566;
-1.5175846350030782;-4.079333091385164;-2.9379307310416327;-0.4516332793093436;-4.443317920559633;-3.479200203545263;-2.941261757124626;-0.3432261986982952;1.357373365089939e-11;4.110927783461328;-7.659440619443212;0.6194761960535833;-0.4362741662519872;-3.050393500215571;0.40273095324805475;0.6041908116512585;
-0.4642683084949435;-3.6556407816652294;-4.226138445033252;-1.6804445845002822;-2.644152401572895;-0.8983035043449986;-3.1308628458661145;-1.5619699024232845;-7.494352381914093e-12;2.0336878398331715;-9.393139054043704;-1.4800429444115906;-1.0670595539733312;-2.04335716815817;-1.751188896174729;-0.6439165670849649;
0.730723547925827;-2.406985524060386;-4.491794406184534;-2.611110770156846;-0.24687592084542742;1.593156200556849;-2.399470761999905;-2.4538470638828427;-2.6555124063281236e-11;-0.2910672444460968;-8.45012617652917;-3.2490507763318144;-1.306525003082933;-0.49950752661789144;-3.354053078681033;-1.7583433314018293;
1.5566973402350497;-0.6876487667560416;-3.8837720193623975;-3.10982887756671;2.360273376962075;3.5351167808755073;-1.1440419084002202;-2.752403593321044;-3.8318311316732876e-11;-2.3184988341326243;-5.330661551892739;-4.43186688339144;-1.1629355162024912;0.978075123306648;-4.1340671291317435;-2.545265594067972;
1.6932075965259274;1.1131235915934041;-2.682494841246008;-3.074544498590524;4.624411826108285;4.613775788632767;0.14757619912939735;-2.3233891118191394;-3.936418979831857e-11;-3.6094125154066887;-1.1023389860410893;-4.841413961079889;-0.7660800534782984;1.8963890070189773;-4.043589700251265;-2.866410115230484;
1.130567478961476;2.6378980483997343;-1.1793308137775045;-2.4551365234023814;5.942470393342363;4.689007839013369;1.0807522608945954;-1.229991000461918;-2.953324276269418e-11;-3.921832541347871;2.9974258617997545;-4.371581645904697;-0.2900328313292471;2.044921256783321;-3.20572781611118;-2.649715485192012;
0.1498053103467698;3.59287613752752;0.38090491931681114;-1.2951483990521973;5.858141942176206;3.8079716591385506;1.4640005906922053;0.2584799393315571;-1.1766211930551282e-11;-3.2574782728032154;5.942078706826138;-3.037703563886437;0.12480795732618397;1.528537126202674;-1.8430486760594844;-1.903441803103001;
-0.8163383952775802;3.774209474671769;1.795463352961498;0.23125276074740997;4.268817294312089;2.2075473898522455;1.321266913018728;1.7303654256123493;9.065894150716368e-12;-1.8541039258247518;7.156875214490479;-1.0250284239561016;0.41481673590366797;0.6655133851882011;-0.22507572007698906;-0.7334366555429205;
-1.3753115309039203;3.108934004554893;2.8763171538066454;1.8166585127022112;1.5408622931603597;0.2892889939480052;0.8297114731173056;2.7520742257733177;2.7166837292966297e-11;-0.12404307548013982;6.578312298565911;1.2941542545460647;0.5886180996033746;-0.18400944712049472;1.3605745902992288;0.6491723154881581;
-1.3366646076430313;1.6992579273040584;3.4411493466098007;3.070080319224478;-1.543520338799985;-1.4513625307721365;0.22397908610207717;3.0019281201221517;3.774588463701957e-11;1.4501186126896861;4.563329743037905;3.4076000905023416;0.6856555638254711;-0.7736911619344586;2.630363553616703;1.9462099920428648;
-0.7756882479583288;-0.16342776639918144;3.3447450950079007;3.6198795966963555;-4.018683616991861;-2.546041908650213;-0.2911860160989116;2.370813559133353;3.781911999560969e-11;2.4411569353467844;1.7188542224619896;4.781098988462411;0.7267048936661359;-1.0436567423111442;3.340098852453055;2.828454467597875;
0.022035613287334943;-2.0427201426557153;2.543930854631364;3.2451260443186536;-5.077030087438288;-2.7013696649998087;-0.5907378579436082;1.0015060564376406;2.7563093749203852e-11;2.594529356632265;-1.2737255220223322;5.020632817835152;0.688267157114856;-1.0878179682528095;3.340320194348541;3.027822140553974;
0.6982831826714824;-3.4607950793320716;1.159977375255134;1.9840471691063422;-4.386458863079788;-1.9193569871556968;-0.638310751357908;-0.738263151948269;1.0149795879905941e-11;1.9049588160454711;-3.7902887723611145;4.022098520905336;0.5160223520858903;-1.0468452972437468;2.634831711248446;2.4406647884200385;
0.9738327585241935;-4.032949785648773;-0.5072069013095629;0.16355229609311905;-2.243259764569559;-0.5272768501278982;-0.4704571780437784;-2.3407373203634076;-9.757001328064608e-12;0.6258766673652467;-5.343884823964494;2.0414956910227695;0.16799245747591895;-0.9936841121893504;1.406188304786785;1.1963642841135607;
0.75424418906835;-3.585338284928799;-2.0387360667144288;-1.6801455208647846;0.5173303159915859;0.9150087469496482;-0.17154810261985898;-3.291151234119851;-2.6994384654559036e-11;-0.7978227117577237;-5.635848278428213;-0.3591947808775753;-0.3382578546688309;-0.8765201881270771;-0.021202799463270472;-0.35243509480759616;
0.1588443282272004;-2.2110408671727226;-3.0185075863259083;-2.973601707895679;2.8261528970090555;1.8060830284256095;0.1538937488857383;-3.2284736444502937;-3.693152156303443e-11;-1.8605620592437662;-4.603602340954923;-2.4848083538571566;-0.9002750452148254;-0.5493350292055562;-1.2769426351263795;-1.7308862126462996;
-0.5304051967704493;-0.24914532535406697;-3.1718803862643887;-3.3098486588345484;3.7825479026937248;1.722849738548817;0.40866488708401005;-2.0863932456199397;-3.6869594064603416e-11;-2.157540596026089;-2.4639193941972004;-3.7384355937199296;-1.3425770090852969;0.12375961166688332;-2.0623906633390905;-2.5038588286564836;
-0.9813038600210643;1.7968194047558455;-2.4640164922856056;-2.602559170978246;2.9990695741259215;0.5886056350409756;0.5276032035582641;-0.15322480166791363;-2.7024634548680035e-11;-1.5311452359494067;0.2833242316533777;-3.8229308107203037;-1.4679863201416743;1.1421117697230263;-2.2418319670522107;-2.436421680252619;
-0.9484444721436847;3.3781006891943535;-1.1177888103723317;-1.1262642152418434;0.7593443718628374;-1.2707502688593526;0.49508592573375443;1.9871006166242193;-1.0024370692172533e-11;-0.15147840784007816;2.9336155330010194;-2.8355979432171408;-1.1355728287509093;2.2902104517175306;-1.8727279601636106;-1.58651155215497;
-0.38653695032457214;4.039709452408933;0.45317906086190196;0.5775180988608221;-2.0691121805623807;-3.2048714127879796;0.34682601927343487;3.625055415718781;9.803692345504501e-12;1.5091863423059904;4.749082241356663;-1.2216464954845634;-0.33807805206490693;3.160141624169852;-1.1688123765169753;-0.289238333607461;
0.5093892509662925;3.554892695540787;1.771004355630055;1.8981602243281517;-4.340331278311402;-4.434862576038206;0.14846693241367132;4.157771105502821;2.718151741597026e-11;2.8158833256875546;5.182426531878192;0.3964323831860499;0.7551925283786753;3.2829355911467903;-0.4145530612225252;0.9649238585375319;
1.365552853347201;2.0183085394656475;2.4402965639158243;2.3860880786261887;-5.05163813082092;-4.315042387634441;-0.04344639622207486;3.309369816735324;3.737294723249008e-11;3.1890245695152037;4.077041433730866;1.4536115921526627;1.818711788025285;2.329622491733863;0.13855945569042238;1.7146717196508903;
1.778928209779663;-0.14289117994798572;2.272712023081369;1.9242020676862632;-3.7328137301301196;-2.5812095225621627;-0.21312153970428727;1.2607450581913713;3.750974114461712e-11;2.330786152281852;1.760029049399476;1.6549678094474134;2.462465275164951;0.3049828399313488;0.3599594558935245;1.7050049865425199;
1.4973886156255207;-2.2672573722130553;1.3531236079515416;0.7680141325338385;-0.6577932570693132;0.4994298587182042;-0.3800670581322638;-1.3693693060090184;2.7543199581128958e-11;0.37586987751686385;-1.0278177457364048;1.080647574897368;2.3734262920470646;-2.3571378829984595;0.2815861865592978;0.9850605394109941;
0.5503154395601837;-3.657156786356043;0.023201096791060527;-0.5660610260568855;3.207439413307035;4.139755788025618;-0.5553951272241615;-3.710080450991719;1.0230985600350705e-11;-2.1031799494471426;-3.3613785931969193;0.13582221189278232;1.4577931540213038;-4.8625423578863325;0.0763344012682749;-0.11588136700981866;
-0.7378805261361242;-3.821307552873651;-1.2246428314041875;-1.5202446804895406;6.516219753442689;7.2263230185684915;-0.6987570171344727;-4.945472566122931;-9.910623440435686e-12;-4.2606076284074845;-4.449430855036548;-0.6372266435745171;-0.07909740114380348;-6.294615514092792;-0.02227125041395528;-1.1262784548026246;
-1.8677909122872127;-2.6745002554567225;-1.9187412200546163;-1.7261760950813196;8.01055904715524;8.655512487843616;-0.7182216173751914;-4.623006457013405;-2.7555677947815378e-11;-5.268599183633263;-3.9281017516157553;-0.8052064228510796;-1.7650262088365603;-5.953849465685662;0.16819173050922598;-1.6263254662357969;
-2.370436532951857;-0.6045808295766428;-1.7863171850982187;-1.142944868948907;6.979884214280501;7.710938084020327;-0.5199734655942877;-2.8219348702052325;-3.8047978904594394e-11;-4.62962774631497;-2.011992165523332;-0.23739394886962661;-3.010521860151769;-3.672560586518987;0.681138143616525;-1.4151384934445048;
-2.0099785599686024;1.6438036697656102;-0.8691425606746592;-0.05032740790926593;3.54122600509948;4.353225022973872;-0.08025387600788203;-0.11405047691807946;-3.8309285754645625e-11;-2.3844452116027357;0.5694068012318931;0.8406135150377774;-3.327640496763475;0.03826745644081786;1.3621082605581019;-0.5830177942552597;
-0.8969357874953753;3.2401037360060005;0.4724940241757143;1.082017376159567;-1.358809570040242;-0.6846479905226257;0.5027377443233223;2.645592006785037;-2.826911452376254e-11;0.8709732550066791;2.8357552362257747;1.9499160492818406;-2.535493146779637;4.101771084181404;1.9113704833827645;0.533721439679774;
0.5403168311974968;3.5882976014090646;1.6801547179436862;1.7849966959484471;-6.224618166699862;-6.048619663977919;1.0163772532737232;4.605300630283442;-1.0835563994048232e-11;4.1675062354399985;3.920162265560072;2.561933358288638;-0.8648122899883783;7.2272934155126975;1.9967579011736436;1.4894192600582596;
1.7234287370419556;2.5647637845236417;2.210713001453969;1.767947786957575;-9.48900801884093;-10.14097774425176;1.2145951345571058;5.184901264209991;9.36151825700714e-12;6.476279932032205;3.394504414082025;2.3127546302024635;1.0987165227549478;8.369216895200664;1.3979415004451512;1.901812953992271;
2.1687958380242973;0.5731489308105531;1.7679968040811158;1.0233928788802986;-10.033215509651907;-11.621536935101876;0.9426889521475792;4.246644028410943;2.708111053444653e-11;7.043128844069169;1.436040873082928;1.1484234276631018;2.6296279599790564;7.110786083154492;0.12891683830751743;1.5983036697877173;
1.7047363594903504;-1.6102146550187064;0.4550870622066927;-0.17451764649494583;-7.573675946233507;-9.869808543880922;0.2436421814341293;2.1238774423178044;3.776082139877127e-11;5.631270694146918;-1.2240007795635366;-0.6451132677394318;3.157223808086659;3.820478700440537;-1.5148786877957994;0.6833922906581478;
0.558781421520419;-3.1387878198442056;-1.230802192667475;-1.3736669783740036;-2.781561408101348;-5.2424371075895975;-0.6170801244197954;-0.494980339994167;3.859443085259897e-11;2.5944925695511607;-3.553247396909761;-2.5320907334370433;2.5134733709902966;-0.4804247978311542;-3.018808570707029;-0.49904252506663593;
-0.7348644897086752;-3.4242348544456322;-2.579571536322419;-2.113146269016177;2.912061996282781;0.9821987720702934;-1.2419384671038198;-2.7950042205776815;2.9316505813583625e-11;-1.235744275723861;-4.589885984789613;-3.9026094300454384;1.0177451736257743;-4.483834276649088;-3.814497412501788;-1.4968239217072243;
-1.5738892849335833;-2.36290443404394;-2.964666221110517;-2.0989924164114453;7.770352458426508;6.9792422706250345;-1.2834836757369723;-4.108531149206096;1.2411501001940863e-11;-4.804470063704789;-3.8106951192878387;-4.274841438898447;-0.6535546732254475;-7.048890665403307;-3.4965230766664215;-1.9254021557737568;
-1.563324423873906;-0.37437765485194596;-2.128162839456144;-1.3189277535601729;10.315949875864682;10.959932620322103;-0.6326439674040394;-4.13570396517869;-7.703924989084758e-12;-7.144395350314122;-1.3633610979288053;-3.4583476729561893;-1.7661549507841225;-7.570435425614383;-2.007255044283329;-1.6200800757595712;
-0.6975360553677223;1.7640853213600782;-0.32043546922559685;-0.047996464040918285;9.811187169488068;11.759377793394822;0.48967294013602014;-3.0229155376616177;-2.595545419065388e-11;-7.648395855021027;1.9380932422882196;-1.624128358178468;-1.8627842723583188;-6.128953472190419;0.29202015221262556;-0.7024579711732221;
0.6328210251862927;3.223855595828101;1.7766887675741512;1.2569862540386727;6.485033325148031;9.21763019888601;1.5946480964967402;-1.2700466624564777;-3.75771208377679e-11;-6.224256938387634;4.87763024909262;0.7426883723109405;-0.9770523675281388;-3.3830608693557167;2.7061428962140086;0.46693101068176135;
1.8059105616777225;3.44844937310919;3.3169225681861167;2.129606248341929;1.4339939221739901;4.218921612803636;2.1234400237682136;0.4868757081674112;-3.9298405167736046e-11;-3.294072650422994;6.2807635176490555;2.9906382359777224;0.3764509700430996;-0.272413754320318;4.428443989318397;1.4303196947505072;
2.2334366226077593;2.3644410923436787;3.63809648986849;2.2642157161120053;-3.75862325326686;-1.6216141259485095;1.7008976679500387;1.719655310581598;-3.0575812104611863e-11;0.34869178644412546;5.474076400667645;4.499714230228952;1.4386327510151316;2.3330011151372076;4.8258967190555735;1.8112214741771455;
1.6200759330953651;0.40073773184511574;2.5480375298742564;1.621328994211421;-7.549372326741926;-6.512776007637109;0.3358302552846255;2.178020157245056;-1.3762235121772154e-11;3.7716907494858902;2.576379639371769;4.863631414704946;1.5696445762586766;3.8996240549945123;3.6831402101474;1.4592254680422097;
0.11357329735652133;-1.685538526576296;0.42453975310026904;0.4328842882758135;-8.928400429025888;-9.0890070302944;-1.5283638783636733;1.9286603008168686;6.794709817651173e-12;6.154873580685925;-1.504509697473586;3.999429106855046;0.5773674209496293;4.329534689600578;1.3095705930594397;0.506041863323202;
-1.7247176184666202;-3.1055225291416177;-1.9215972008354456;-0.889874220739569;-7.711745772875555;-8.84148260443769;-3.152453800858836;1.267165179947539;2.5759329612257402e-11;6.991830303154234;-5.3792327620523865;2.155798638367652;-1.1474345633755465;3.88382139512888;-1.5411522459330402;-0.6865447818759779;
-3.131968950883236;-3.3423151526491046;-3.572706262818844;-1.9077035152472426;-4.532630164558153;-6.218762824068939;-3.7909458804004235;0.5568274003125866;3.7917967450333255e-11;6.190575844053963;-7.67696422492201;-0.1743993402398316;-2.771398263030542;2.987541065856287;-3.922118959867581;-1.6657247927657248;
-3.4611612450088938;-2.3459079418268516;-3.8849964927574705;-2.3040961171503636;-0.5482571245011676;-2.3695259449979433;-3.0216109403993494;0.0708714177464963;3.981239439859421e-11;4.055401842201763;-7.548877021697589;-2.4033755103669283;-3.39141828993979;2.0134540170869384;-5.029192422570212;-2.0597781797639634;
-2.4699430426728943;-0.5433958584003034;-2.7559023243375576;-1.979449552965813;3.0071146471535206;1.34895522859467;-0.9660327326592064;-0.09683129699894677;3.089740426796754e-11;1.1710694341146972;-4.98050454392313;-4.007453633453043;-2.4773686149999863;1.14183041683116;-4.494697987500265;-1.7152987890565417;
-0.44960003981508256;1.3420243224420254;-0.6570960541747382;-1.0609929047345528;5.238364024005482;3.8807628728829586;1.7139011351467104;-0.02568494741728955;1.3573733650899397e-11;-1.7630791129846801;-0.7919191060432365;-4.645616463644586;-0.17438462593876558;0.34872759358863115;-2.52184563583599;-0.7463966376301627;
1.8709849454440266;2.5908428076716676;1.5773050130880562;0.16300246872108448;5.820505473080624;4.794455090909375;4.053383013430518;0.1145523692605418;-7.494352381914058e-12;-4.1000102966849274;3.6691085833358903;-4.211354715530955;2.6911707482589398;-0.4911508545466472;0.1941908379597752;0.5190450581351451;
3.6103804198968175;2.7781852524245836;3.1047899695237353;1.348261899234919;4.984499194254065;4.314770787988105;5.1551383119219825;0.17152793772135538;-2.6555124063281184e-11;-5.377350045367767;7.012113205703694;-2.82401459385546;4.925156646260625;-1.4545202901476078;2.7265917534345094;1.6686347183364636;
4.088680912406307;1.930976570931304;3.4116452901687424;2.193408703662797;3.307450202022343;3.092108081955982;4.540812182946888;0.08367039764691381;-3.8318311316732824e-11;-5.39634266699438;8.272982815387403;-0.7858932332392774;5.471051376185535;-2.4599747302119823;4.254398926339504;2.353654802105904;
3.10400293326975;0.48867449766439197;2.4942824123422858;2.502407055129197;1.425994612521122;1.840216090459309;2.348452252510881;-0.11534560428630924;-3.936418979831853e-11;-4.242643996348183;7.194713231202537;1.472032730576352;3.886694664456759;-3.2608992172415836;4.345500407080602;2.3961522706042153;
1.0194977655499438;-0.908740792117655;0.8218407787351891;2.2069489652292775;-0.2022140234160783;1.007129638996064;-0.6989162038554584;-0.3506966732770529;-2.9533242762694166e-11;-2.2522207905404894;4.240781237404587;3.452472245721179;0.5821878217706651;-3.544892445543246;3.0826535871979117;1.8203990134000416;
-1.3753547774479966;-1.7089635102407514;-0.8901300988094181;1.3619206127575842;-1.4057341666606367;0.6138258322884989;-3.5479723922076754;-0.5725434921910231;-1.1766211930551295e-11;0.06943823336391053;0.3722086949984451;4.673356303769376;-3.2894987031334466;-3.08937446757177;0.9968253642558071;0.8119910677158688;
-3.1760945335361797;-1.6819236868721017;-1.991261168771656;0.12640136940624025;-2.25437480584091;0.3190324667597091;-5.202094625253645;-0.7866026526215408;9.065894150716333e-12;2.161551754322236;-3.3040935869685604;4.773221414709173;-6.255099409943568;-1.8960599661601139;-1.155652693367288;-0.3649473226500879;
-3.723178429866124;-0.9950106666691043;-2.1597699439800984;-1.2646511078964244;-2.9036095950384153;-0.3278095921118762;-5.094390329113649;-1.0318323076089069;2.7166837292966246e-11;3.5374585944457904;-5.882296670105024;3.6221908805703698;-7.096351932176269;-0.23523648536069874;-2.6815149467925785;-1.454647744820902;
-2.8620202312858307;-0.09910608128257847;-1.5075134525997973;-2.533656069578919;-3.418429696110631;-1.5712533497701957;-3.302769991627634;-1.320879821545247;3.774588463701952e-11;3.9042664481883538;-6.887453847479069;1.4000146378545204;-5.3514539892168695;1.42852727614888;-3.193224826604558;-2.27006735215551;
-0.9927623499911213;0.5114605566030873;-0.4846992086731765;-3.392743021730082;-3.677555711931591;-3.235368496289142;-0.5173445997147681;-1.577336965477052;3.781911999560965e-11;3.243068494717929;-6.329326744246437;-1.3967246019265527;-1.5352704858425152;2.6056865756082557;-2.7134143800456223;-2.709153952197365;
1.1086829626039125;0.5430579843887543;0.36466354215088503;-3.5795328748210267;-3.4145155382383283;-4.728234590759774;2.233974461924226;-1.6115541406489138;2.7563093749203833e-11;1.8233468834583448;-4.589491679996797;-4.037685683843323;3.022810503249068;2.9803567659928247;-1.6056069469273504;-2.7288662198072844;
2.615264515459222;0.03874833463281152;0.6709380404608744;-2.913109800216504;-2.375800092601657;-5.276290142763371;3.987071910725183;-1.172239996443472;1.0149795879905941e-11;0.13556298984023818;-2.2138575529770446;-5.730680646636148;6.668965700390265;2.549882543801514;-0.3743437269735381;-2.305080518923391;
2.9786262447758736;-0.6467206709844813;0.3992349801543658;-1.3748614027329542;-0.5145409420604061;-4.288789556091457;4.200377824400592;-0.07831736260674216;-9.757001328064592e-12;-1.255384117875828;0.28712261539481965;-5.855687044122186;8.052891858287225;1.629698782175695;0.5633255468488909;-1.4196933881302352;
2.1313630870510654;-1.0192056085283459;-0.1647958813011131;0.8162200604574092;1.881466852678213;-1.6896294602652318;2.9332555750900706;1.6212134640503635;-2.699438465455901e-11;-1.902628156910359;2.5499289306611113;-4.1976215216108566;6.645496640132299;0.7069608526979723;1.0306510613899347;-0.09609595102589807;
0.48831667394108624;-0.6936696759176985;-0.5832595748882059;3.187704122598735;4.2043241995907525;1.9406762906927257;0.7900529594323826;3.5525321926348856;-3.6931521563034405e-11;-1.6489852936128078;4.359191191832892;-1.0856787272902855;2.940685194189064;0.20498587844456417;1.1115152891636617;1.5366022943633788;
-1.2433064314621376;0.3893772633041743;-0.5011746719383406;5.096466077399057;5.703005890529349;5.499744679810894;-1.3361444432188787;5.068745852551208;-3.6869594064603396e-11;-0.6996935425450741;5.575763042017897;2.6408844213890794;-1.73677559728874;0.2707675361107118;1.046143375805825;3.1983240984993566;
-2.3607489160233914;1.882325446859753;0.16335367725790972;5.903400567850252;5.767853895458098;7.745227028586785;-2.618695364075889;5.460769583414919;-2.7024634548680022e-11;0.4494181645003128;6.058711887537685;5.858186082861936;-5.736501000248456;0.6933203924718805;1.064455773661814;4.4756213983270055;
-2.4473492933573233;3.135404587300128;1.16110052143392;5.188737352984758;4.203952586420111;7.776180543179032;-2.6196510207388792;4.252032313414089;-1.0024370692172533e-11;1.2105769098146506;5.64107046304806;7.509824864779339;-7.697797563393355;1.005771688267067;1.2432166898098103;4.91736005157727;
-1.5262361690225605;3.4596626009032496;2.013406554972918;2.936159501318766;1.3650141421311033;5.412099468441895;-1.4531765071266034;1.4561832639017744;9.803692345504491e-12;1.155199754985646;4.186216502430131;6.965568507185964;-7.03591300491792;0.7358088544128287;1.4574123155783;4.189502596989143;
-0.026141887094518257;2.4394116592861015;2.231257755195033;-0.38694151315529446;-1.9215923788248093;1.31041596194693;0.28479840001025036;-2.3134152778656283;2.7181517415970244e-11;0.2148377035762763;1.70695426816998;4.260323148766887;-4.1215012530276685;-0.32371081381470823;1.448677237528455;2.2395725337378956;
1.4188823575819156;0.15572502707144942;1.5542360246578817;-3.9080198322836592;-4.619296318525382;-3.2298214815276776;1.7907226644944148;-5.960029014083595;3.737294723249007e-11;-1.2632832114079724;-1.5146494961026695;0.12318055968593189;-0.10025823896364905;-1.9829792362351832;0.974197925778753;-0.6009203091441462;
2.239913932728738;-2.774033774221697;0.09735318856617359;-6.59217099853871;-5.847088315429512;-6.715734148320048;2.3972334142552363;-8.254694307720323;3.7509741144617105e-11;-2.6455714146970175;-4.887287491012553;-4.228300128489832;3.5650340405612546;-3.735174110751536;-0.04050516772964996;-3.644042937694499;
2.151563738436156;-5.363710214677047;-1.671396291069447;-7.586115232338591;-5.218172725146727;-8.0064302805919;1.8257918257675858;-8.315011331783554;2.7543199581128945e-11;-3.2768911358118773;-7.604299607752369;-7.473025503614385;5.648284793665969;-4.977920831867483;-1.4210873437761735;-6.026513911561586;
1.2309850276374752;-6.594099762651859;-3.1227990528668466;-6.541399246126563;-3.0167927466758746;-6.749237029757534;0.25343223590614095;-6.003237499442426;1.0230985600350699e-11;-2.7641616807368865;-8.864472817345561;-8.624304633581335;5.6000040305473355;-5.234825272016728;-2.77842308996492;-6.997039889477236;
-0.15240534382213733;-5.812428988881038;-3.733991957052875;-3.772810503789444;-0.11367481060207862;-3.5144731073457267;-1.791855144593122;-2.03564205974031;-9.910623440435683e-12;-1.155146973590095;-8.147635461873382;-7.3626980387589045;3.7140334698736623;-4.277513477960872;-3.648011167007379;-6.200244548115018;
-1.4939768106811755;-3.032361864754864;-3.290700776087646;-0.15787515778475392;2.37579043336588;0.4455614661663967;-3.616490153558355;2.277890642216973;-2.7555677947815365e-11;1.0636481952524406;-5.434536069056235;-4.132914206640846;0.9631262180788753;-2.1373207749665566;-3.672600490942245;-3.8294287315321807;
-2.3178178314390787;1.0160145055268437;-1.9236044634318445;3.2021497073801557;3.555708669608114;3.712345593427022;-4.532743879137376;5.566075451390276;-3.804797890459437e-11;3.15247035943633;-1.2690416516541143;0.03989190904817974;-1.4365136261741758;0.9417896817095537;-2.7379011431233056;-0.5658940564462895;
-2.3014352880961964;5.126115478673505;0.019555513020741877;5.42386264386065;3.1315163352400095;5.264968061533733;-3.983019020430394;6.974536431944916;-3.8309285754645586e-11;4.418690709485122;3.3843528895819093;3.945669450032763;-2.5609819444664517;4.544322962958961;-0.9941112336787548;2.6840052574305444;
-1.3507099873837165;8.039349051357945;2.158726962132678;6.182521269868016;1.5352444159060066;4.853542626283265;-1.6718469752922651;6.5220870564523015;-2.8269114523762494e-11;4.50905611327785;7.443936051119053;6.633666844320793;-2.1817831838349617;8.07694016282228;1.2306852409881697;5.141545385092501;
0.36129828583521806;8.863571828177582;4.170908835997308;5.757927577780235;-0.2791118886331174;3.02746310441312;2.2133808883222135;5.016271514978308;-1.0835563994048187e-11;3.5410573442635473;10.035337195744969;7.703248918183386;-0.8476006080256853;10.734078053308327;3.539931229066739;6.42034381096976;
2.3726872459482786;7.319694999667549;5.707756932906417;4.728681653010582;-1.305833666519521;0.8065407453019473;6.728364796125862;3.503734119827362;9.361518257007179e-12;1.969069872901752;10.671443286245685;7.29554425518246;0.40653292508958194;11.539375923438197;5.504027760799038;6.551284659332556;
3.9650295822449486;3.7633106802201386;6.2483562960593595;3.503582552353127;-1.0141761590276592;-0.8449561787770188;10.1033723228013;2.5512378115898895;2.7081110534446563e-11;0.25249600221231017;9.226098258670236;5.807799426194699;0.618368490713259;9.579141003458117;6.61634819870771;5.763405755778587;
4.330651653664432;-0.9593333659535217;5.1268461571183455;2.0316129928695785;0.3493947199467534;-1.4651475221823762;10.229141154010126;1.84418074802889;3.776082139877129e-11;-1.429245562495205;5.814540300619562;3.545860688375525;-0.5268483454493877;4.426272831036691;6.291093908435464;4.2041585034855995;
2.8758692525801055;-5.725088075622253;1.880858332466917;-0.07947964932309137;1.874424086549145;-1.229202756781124;5.751517121731343;0.42241598686493065;3.8594430852598966e-11;-3.182478628922853;0.7693057712400826;0.5849873001014476;-2.438880179287266;-3.411466359128376;4.046049339043888;1.8410148984418817;
-0.4529117602779511;-9.352010422763028;-3.2166305934766353;-3.095569828073168;2.480069496469104;-0.7267172673142566;-2.7307613243603637;-2.533777671239221;2.93165058135836e-11;-5.102250359184683;-5.222060453205107;-3.047558540236948;-3.88536047974475;-12.28624766906329;-0.134061144716358;-1.3575446984669144;
-4.970864824079671;-10.815940137820311;-8.826380667890474;-6.663217550133362;1.5292982346489623;-0.5428345410373123;-12.237460918285361;-6.8477683013632245;1.2411501001940824e-11;-6.881920063737898;-10.966027843854738;-7.009294082842627;-3.6707011821924063;-19.671668138033084;-5.462053381008831;-5.094884190363505;
-9.312188642637894;-9.50020077093561;-12.788380165837136;-9.681694619325487;-0.7776559762908644;-0.9019239753914936;-18.361583061287728;-11.055007459242468;-7.703924989084806e-12;-7.648163541892618;-14.855760416634222;-10.406458347306637;-1.3637453483932234;-22.904152355786643;-10.334017128749068;-8.548539206829302;
-11.779433623893826;-5.464942454539015;-12.996233821491073;-10.712579231070341;-3.452910226894247;-1.5672830693242936;-17.358123535013327;-13.002063215522359;-2.5955454190653938e-11;-6.248380288310667;-15.35044493192813;-11.946408168781556;2.3522196795990955;-20.163460371553207;-12.803746057048404;-10.52531313853705;
-10.883786095222122;0.3952027954637449;-8.498548832731649;-8.721367221413574;-5.184841125774332;-2.015712580335647;-8.271829935937246;-11.009674616301892;-3.7577120837767955e-11;-1.9337389336274624;-11.688393824976368;-10.481542067748991;5.937877523370878;-11.303558906373363;-11.412883502281176;-9.956354061622305;
-5.9013103117501;6.478854322982911;-0.1875422204034063;-3.706400447774355;-4.965472796659967;-1.7518379485242646;6.132967364192622;-4.8673618335188635;-3.929840516773609e-11;4.929177298899248;-4.425270566337671;-5.6575005914071115;7.73738279820333;1.8427023999481644;-5.963321822839719;-6.464129259530509;
2.7235923469048924;10.935024292240012;9.35407132129713;3.1367457983774054;-2.574778857674441;-0.5887084444566932;20.216750511426998;3.8724006806300046;-3.057581210461188e-11;12.577117682054919;4.569943126900343;1.70202946612896;6.797534048167762;15.876833967687734;2.1980356744722496;-0.6745172659766103;
13.267259728235661;12.293865688677595;16.787814521011022;9.77648798662608;1.2800332845246947;1.2232890173236242;27.72244209527266;12.383461143179446;-1.3762235121772147e-11;18.24417210561525;12.7058549888807;9.678196776514973;3.3383764467211936;26.861987764020963;10.546657370852657;5.887453605342698;
22.9892623080656;10.02103162362123;19.309893149716554;14.069247654132568;5.215391092313699;3.065752829291008;24.478601369647635;17.63944651250354;6.794709817651205e-12;19.133980724834764;17.57861342683246;15.796775503023316;-1.3524775689984603;31.602294475960957;16.252506463181774;11.271878101127863;
28.746865080712244;4.7783939865446685;15.7741177910083;14.570618658480564;7.708547231345787;4.194841475802445;10.437803440314454;17.670782208763022;2.5759329612257454e-11;13.610541377489916;17.824736322876117;17.865643221263056;-5.517166516986885;28.69474625744896;17.225058788799096;13.77619275147001;
27.839221854036932;-1.7419491596234926;7.187509429278059;11.093530016824275;7.696481904025664;4.0518044886325;-9.88176605982488;12.422146990226437;3.791796745033331e-11;2.1155814771865487;13.585386084785535;14.82463464046209;-7.6918417175643;18.94226069071843;12.931649100084213;12.569197817126586;
18.893032526191927;-7.399048795122753;-3.6591383527017705;4.745869301988384;4.9867644722513305;2.5011707447241442;-28.91987254173901;3.7464501370999104;3.981239439859426e-11;-12.630256413320282;6.386030841846101;7.247290020908141;-7.276843108686718;4.980028253804058;4.640739364164565;8.002810416954466;
2.5622689539447947;-10.387901822595726;-13.269583288880604;-2.555488409880609;0.3332539298748469;-0.09550330999535772;-39.021387217390384;-5.439170589517131;3.089740426796757e-11;-26.301082756457888;-1.524645135165386;-2.7613346306026028;-4.6870952832430355;-9.681861932621155;-5.034785734609121;1.4637040763025562;
-18.207054113438364;-9.896190682388832;-18.73279203804942;-8.815987201947692;-4.818962053841203;-2.980527833584559;-35.53736707296811;-12.334221223601537;1.357373365089939e-11;-34.30060400345269;-8.06283137044191;-12.248454039412172;-1.074085317083048;-21.763420940287627;-13.095429732018255;-5.156636342955138;
-38.557693043643006;-6.364784672962294;-18.686338930315586;-12.580948638786701;-8.808045119388044;-5.229732597267947;-18.76365200955219;-15.185267142483251;-7.494352381914093e-12;-33.30275777295564;-12.00065861070596;-18.39195752301434;2.1980242651141;-29.052880545625673;-17.19716984949143;-10.114334036926392;
-52.7934671746314;-1.2657520368621795;-13.627882171747776;-13.230894127257745;-10.28971660778172;-6.038398914500964;6.039153321229051;-13.670717233409585;-2.6555124063281236e-11;-22.48162543359761;-13.180711228927672;-19.39960549855048;4.087605754273498;-30.769364841745933;-16.37757056675191;-12.317632840323713;
-55.93749486525734;3.495013252691673;-5.534289377176979;-10.960630983755314;-8.66424239251359;-4.982627249566243;30.51596814452838;-8.77574434239878;-3.8318311316732876e-11;-3.9977231676599523;-12.246120324823533;-15.038050937522602;4.233935990508846;-27.44425198190914;-11.244265363690886;-11.536867689951851;
-45.3403342456906;6.303703204902389;2.9940509809839666;-6.562870574294957;-4.278178126060974;-2.194801162865911;46.235638307429475;-2.3240976525946286;-3.936418979831857e-11;17.4663505624597;-10.094497973742659;-6.653764034153502;3.010539929605322;-20.431252851035214;-3.6174536135848783;-8.315736901086494;
-21.790421911970785;6.409161057188859;9.672338275356447;-1.150686610253941;1.637395933999314;1.5897720391515873;47.701583526972854;3.6469173831575237;-2.953324276269418e-11;36.014775247521854;-7.355938633193382;3.2863039253098982;1.2649054426705004;-11.231575208446667;4.186085407210637;-3.6809676167513796;
10.301496871027346;4.130870467526498;13.175844654654036;4.090553502088461;7.285369890075193;5.1693256909559615;34.24606886353956;7.4847918576473;-1.1766211930551282e-11;46.29970943103738;-4.15536006399735;11.961614835806584;-0.11103783306921833;-0.9103711835643544;10.121575482283365;1.2067849674465663;
43.75546989784176;0.6493189055498729;13.312227579005246;8.105260286084441;10.83280650502445;7.2258919975885005;10.165527813859612;8.358713557667972;9.065894150716368e-12;45.17156106945607;-0.25818904746150384;17.024766282219055;-0.5748459691973298;10.07653984400995;12.960633158045251;5.34019425138389;
70.30409060351194;-2.5118409343332013;10.774762738525698;10.139713315015744;11.026769934267609;6.818508639920141;-16.877508725381865;6.446615495629586;2.7166837292966297e-11;32.66678137043981;4.510954964937058;17.250070175431652;-0.13226913847939992;21.48358189984176;12.478309556103897;8.034963996757517;
82.67666201496205;-4.093217508837503;6.674755851056193;9.878913466316234;7.689273002911183;3.835633925994369;-38.540103530838145;2.8211907210705203;3.774588463701957e-11;11.999528454794778;9.830895868725936;12.831929723941261;0.7250568581623027;32.498981839443985;9.306220660078408;8.983050655989615;
76.55750665363712;-3.562427824483884;2.0953758578352453;7.523481130505183;1.8773680499129732;-0.8157329220437006;-48.56497723719495;-0.9380982677969678;3.781911999560969e-11;-11.43105049093636;14.692440403409002;5.264659287287001;1.2976447376468738;41.10068760100407;4.582291632846203;8.223552557412951;
51.91303723037174;-1.2730183300795685;-2.161184377718398;3.7652439322360216;-4.409530406419915;-5.430968040552674;-44.65795138965928;-3.30194065641504;2.7563093749203852e-11;-31.671129696056017;17.59674408966936;-3.143598944040188;1.037442206222139;44.093406276264574;-0.4384428115494039;6.0743359975479665;
13.316753557694156;1.7158657895179048;-5.6054433981582035;-0.3793741220977773;-8.916369042686792;-8.112458544718478;-28.909981154538325;-3.355247815656372;1.0149795879905941e-11;-43.929285971367435;17.091683258126878;-9.973609421847794;-0.1742844517031117;38.09195847412043;-4.688527410964748;3.0478314115974294;
-30.875109674496436;4.079023403787186;-7.956635820484769;-3.8592374417926694;-9.975500478394316;-7.542396633422399;-6.755299126470195;-1.1616360254113474;-9.757001328064608e-12;-45.825066658608925;12.423259009188474;-13.411451839297355;-1.9520040845677733;21.2113742645771;-7.4592466130643205;-0.24770727355005562;
-70.36589592040781;4.761210174390117;-9.021329721187067;-5.903251077524988;-7.180686596798088;-3.6058070761544556;15.04583044431615;2.2432385452061276;-2.6994384654559036e-11;-37.8081965517019;4.018076978228864;-12.765223628231285;-3.5626353555741974;-5.266426467919565;-8.447382426454647;-3.217805544439754;
-95.38109511840368;3.406025658692802;-8.645888655524242;-6.237121314342787;-1.6113594348555158;2.4191729103992374;30.62841550899368;5.25452384856696;-3.693152156303443e-11;-22.70139786290148;-6.424723344846983;-8.617967303435016;-4.240014150119039;-36.15825538048988;-7.715127528684125;-5.3843953918637615;
-99.1685286315995;0.5015940081974075;-6.774445599191316;-5.121311686562166;4.516152308511268;8.232020965777359;36.68685220352662;6.346567582592121;-3.6869594064603416e-11;-4.622909125139561;-16.308482600315422;-2.568486837926546;-3.5207664748927288;-63.204027912991414;-5.606655412419063;-6.459089239983875;
-79.89271574646182;-2.8248428050974552;-3.573238928456888;-3.2013555369827382;8.67209466409;11.34673327170056;33.098888150040025;4.70913127795738;-2.7024634548680035e-11;12.281876370587458;-22.883712113403803;3.344045943837078;-1.4631658357916741;-77.435187279634;-2.6533710698281903;-6.371855851937965;
-41.37427199544061;-5.276950143415251;0.4686694724275402;-1.2325268224184496;9.007501159354643;10.089849953469749;22.445997583748195;0.6159281768214493;-1.0024370692172533e-11;24.88003582641383;-24.119470129065178;7.32771061466958;1.3417040128530187;-72.35351023642409;0.5211583467554721;-5.252195807386616;
7.611135612491392;-5.914149378783902;4.55036958920101;0.20839725674560317;5.124856241100911;4.358168105605042;8.75419069666275;-4.62964244037966;9.803692345504501e-12;31.59679492001456;-19.396772787296054;8.402866538936381;3.9756560432828323;-46.722654118330134;3.2997776544089428;-3.3740474584076092;
55.374785787904344;-4.505481151740647;7.7152735485795745;0.9057978863741853;-1.6912667873584377;-4.189963585172528;-4.002321243370315;-9.164151323597258;2.718151741597026e-11;32.40422707916747;-9.77453059128291;6.657670177876334;5.535034735501249;-5.797753852903661;5.173658936042054;-1.087304475725474;
90.2130856316589;-1.5832070553261728;9.11481781273277;1.015377122516929;-8.8889668404654;-12.619454425198516;-13.091599459337099;-11.271646262705087;3.737294723249008e-11;28.368191989546666;2.272593248040602;3.1175201135182125;5.4694680363964325;39.66657899349368;5.83359213527136;1.240583785766569;
103.42182881193428;1.7956402100941966;8.292269078243447;0.9180676309568763;-13.565973184950394;-17.727376359248808;-17.549019041555482;-10.045783605095124;3.750974114461712e-11;21.000111754317906;13.566699854364959;-0.7062446115723038;3.7844497225497054;76.49140791700937;5.228748384395149;3.263740352470496;
91.63011759614467;4.465278185652018;5.382642230229198;1.0005034766860998;-13.557647688825135;-17.220456330982866;-17.967310389278712;-5.738652878891072;2.7543199581128958e-11;11.7101122739161;21.162876849058566;-3.403952658327433;1.035899549091702;93.30042086538286;3.5757248723154937;4.686420387535622;
57.803766056573735;5.578246475492222;1.1380165429826814;1.4615338776823266;-8.296164780596339;-10.628426568521734;-15.775051174005412;0.3371174941665398;1.0230985600350705e-11;1.576499555185797;23.207046881367788;-4.165146046920697;-1.8752252053938403;84.44789831978201;1.3101392208836988;5.293796493447178;
10.591727362824937;4.881462754564877;-3.261816355353649;2.217467033131837;0.886585514973766;0.400737434146917;-12.400575542261663;6.297746897724269;-9.910623440435686e-12;-8.545402636428202;19.44472016264621;-3.0109200431646213;-4.031242785193947;52.17785383973776;-1.015927927180013;4.986579327679991;
-37.86893222769464;2.746649033985392;-6.568023975522102;2.9354612354127796;11.140000116657214;12.55712568948158;-8.697635405409425;10.361364387064043;-2.7555677947815378e-11;-17.744953215283548;11.234584064038131;-0.6997022573641605;-4.82647353783223;6.1185960582383565;-2.8696508821717677;3.8093273656473943;
-75.13504932344222;-0.029098250917109603;-7.866340983178413;3.178255854470037;19.03371210609455;21.931249011803004;-4.827207439764134;11.444226031720916;-3.8047978904594394e-11;-24.863560602918934;1.0785013312359526;1.6305555019526146;-4.169449336786433;-39.80069533639393;-3.868656462689525;1.9595784253874489;
-91.77772965419716;-2.5416667097842214;-6.874997637526854;2.602657485135042;21.72714964072346;25.317963159501584;-0.5506172680880272;9.47278222837234;-3.8309285754645625e-11;-28.576772502970307;-8.176426720720485;2.932284139592694;-2.482407895728215;-71.94669454014402;-3.868477416609492;-0.23131198343958326;
-83.93240492135573;-4.077402360215382;-4.02512410239021;1.1339667956770487;17.962545548852056;21.31392799334286;4.292094425892559;5.32440447253529;-2.826911452376254e-11;-27.7614677417184;-14.203435748641521;2.6519319397506567;-0.5079837252144868;-81.45486782439896;-2.981664598984879;-2.3490496394570286;
-54.36116445633329;-4.293343471983661;-0.2964611545669613;-0.955166235087106;8.533613369555068;10.828292573848463;9.391032587033068;0.4479514216353817;-1.0835563994048232e-11;-21.9792031488766;-15.844783616709353;0.9249367976463372;0.9912210127386651;-66.99240691752435;-1.5268555720562627;-3.97465777856813;
-11.703937875238864;-3.258113726971749;3.125656002781785;-3.1021899996501237;-3.936311448019513;-3.174817213333821;13.855773127121441;-3.6743580149922996;9.36151825700714e-12;-11.83699553772683;-13.342644658613331;-1.499389230542685;1.522314775548604;-34.873650269610366;0.0725744072467267;-4.7753697302364575;
31.913352700542106;-1.3796059263689608;5.244762968280665;-4.636317729813371;-15.828295889933635;-16.615283099730703;16.440978092348978;-6.018734673018379;2.708111053444653e-11;0.9539522763447081;-8.109283864158897;-3.566522296162422;1.037672363916554;3.4285407531243877;1.4093109243503448;-4.584773618506931;
64.2827613463204;0.7429479226460729;5.561889011756312;-5.017052640764545;-23.68183107297134;-25.593342896931688;16.022408788290715;-6.294549141055871;3.776082139877127e-11;13.877093490865526;-2.151494579553972;-4.3381778719573285;-0.06082267197101765;35.40251720836449;2.2005227349357126;-3.447423150507035;
76.58505436557259;2.4996868779540264;4.19751096218471;-4.0376924317429825;-25.274358763691374;-27.60261041237439;12.12571809319173;-4.926600458398973;3.859443085259897e-11;24.196557388987905;2.636229845665734;-3.3660314620923537;-1.086803418734874;51.729965934119605;2.355566992714711;-1.6121164704175324;
65.91970181395754;3.4359942356492144;1.7948964213226937;-1.918799426095135;-20.271375769443537;-22.261047661356102;5.269647995602224;-2.789495693362971;2.9316505813583625e-11;29.6608447287536;5.0732687836067445;-0.8798694862418088;-1.3457332558488182;49.13818751320163;1.9807690278544146;0.5237091777028102;
36.12400715742453;3.3620646379274395;-0.7487105592008811;0.7422550033965947;-10.250341810062736;-11.338236447370393;-3.053484712921266;-0.828016574086436;1.2411501001940863e-11;29.10705113708612;5.003692288498462;2.276309920742645;-0.42586597708640905;30.960769670975427;1.315075272977086;2.4994398982212456;
-3.4002253967935623;2.3792940163626484;-2.6174802784712936;3.1519523849295443;1.8814527675413566;1.8992129679400271;-10.788136439487221;0.2851438286351131;-7.703924989084758e-12;22.772646182847723;3.235681997074178;4.938577169745884;1.601321407451584;5.380465361210021;0.6178045231522877;3.8842202397647463;
-40.530914949942165;0.8223657756164866;-3.352235490769014;4.575061089500404;12.85058418546566;13.774658293491862;-15.972758818746359;0.3459217034610349;-2.595545419065388e-11;12.215287840942484;1.1509885785503693;6.046236196074125;4.149447618954234;-17.840732567146695;0.05543977121908861;4.3623219310058285;
-64.09098170669782;-0.8539108114448477;-2.9640692150062646;4.58032244760878;20.01470957875973;21.333496398988423;-17.386513848710763;-0.3726903016714451;-3.75771208377679e-11;-0.1271562344332935;0.12617899626230678;5.043469937770761;6.279204215011993;-30.863649519955956;-0.3580054790477758;3.8028240898253167;
-67.21173191702378;-2.20255135168548;-1.8538069698661817;3.192960816544677;22.053867145568898;23.137806005771857;-14.927500528174509;-1.278641953596145;-3.9298405167736046e-11;-11.588010797088199;0.9634666951807977;2.1125378242372883;7.014128002742215;-30.255175309878013;-0.7328600593278187;2.3047687537295767;
-49.35315827900605;-2.8967425671233364;-0.5895439722854368;0.8945815091634486;19.15833184283504;19.49154550798006;-9.579340334970553;-1.7156005296201484;-3.0575812104611863e-11;-19.93072370632521;3.5303294884298033;-1.85106791154062;5.708311577341648;-17.68984962456062;-1.1988628906835754;0.20214699226873845;
-16.356691849501356;-2.80721384188225;0.3501959865798865;-1.5358530007607822;12.720086721240968;12.089980514182841;-2.9979454283297153;-1.2211622804928344;-1.3762235121772154e-11;-23.828672470509776;6.747442370555341;-5.521473362350215;2.331359355639167;1.1774450760740116;-1.7804862614442825;-1.9890137084624728;
21.471663150430658;-2.025994384509006;0.7590393515018002;-3.283840172681355;4.707438316919929;3.28641525028981;3.099264965029251;0.297929770742269;6.794709817651173e-12;-23.05341562419938;8.954068026842592;-7.590418077027602;-2.441540310478942;19.071958922400036;-2.3249567631010004;-3.685505710915766;
52.616631874269444;-0.8240624897192588;0.7426014598941144;-3.7734270595853006;-3.0101348489711532;-4.720752391332115;7.490823321099986;2.522043767967582;2.5759329612257402e-11;-18.358495054875966;8.549125888131362;-7.2252059634854975;-7.379250410186487;29.74472064956959;-2.531028573555549;-4.392692118669666;
67.88838653922306;0.4437777061974808;0.6084877098219392;-2.8652594498277013;-9.136206385017307;-10.482828113731161;9.739867796330458;4.809101397930556;3.7917967450333255e-11;-11.136685550034148;4.691085216674967;-4.378715725475149;-11.0496503406699;29.96547151579308;-2.0792112836779864;-3.859271800372066;
63.11665576044874;1.4494317275632178;0.6660911804832763;-0.9108872540285193;-13.089166618763466;-13.501749499302942;10.128688697875852;6.3900078239464415;3.981239439859421e-11;-2.985123995468888;-2.2132688937765437;0.15410518027836329;-12.27284130585943;20.25601337989955;-0.8131027181955908;-2.1805205519185584;
40.20098640831286;1.9803740456793637;1.0380363597059628;1.3643354668621044;-14.844349764330676;-14.04528111489597;9.317785431377027;6.614598482658117;3.089740426796754e-11;4.678630357335512;-10.450805763592546;4.9605057289991805;-10.517715453631784;4.272699706998971;1.1148034285232753;0.19525916289132805;
6.273591309996387;1.9835758721708132;1.5783251035287569;3.116647996128034;-14.631138121593587;-12.739441601065757;7.924730230866947;5.17282716626801;1.3573733650899397e-11;10.845625771840677;-17.44667830622885;8.455537991641815;-6.095559591082433;-12.76323322905095;3.217524720538759;2.5776742779098196;
-28.66418034623168;1.5571431073798694;1.9401330526141927;3.689366409556988;-12.672522058402958;-10.166670585281349;6.234142166232801;2.2193465593274446;-7.494352381914058e-12;14.958829696603525;-20.59411743165382;9.410793555764169;-0.07809042315147874;-25.911474794857718;4.8042340027249395;4.240715509832327;
-54.81925503230116;0.8994118028543195;1.7610635126891006;2.856064419398843;-9.098766226658965;-6.657299744263516;4.161176612210888;-1.6380590654086875;-2.6555124063281184e-11;16.817649036883275;-18.193164197685718;7.387886540367247;6.0280765650873604;-31.969454185711278;5.22960015895562;4.659987553015391;
-65.42386423658935;0.23520740582531996;0.8710255157510278;0.9062539735738113;-4.0551177301926575;-2.33958157627399;1.451812828878119;-5.484823627651432;-3.8318311316732824e-11;16.43494726546571;-10.159891545667012;2.9196422234768216;10.731630802051553;-30.12524035513166;4.162708333136344;3.6943284171204556;
-58.470984832051926;-0.259552890239821;-0.5861620071255262;-1.4632097510841775;2.084870138027876;2.624597121595036;-2.0105133288164048;-8.344297280388158;-3.936418979831853e-11;13.933321010919222;1.7675071246220284;-2.6370833536539156;12.976074194167534;-21.74594781892259;1.7578093925894471;1.6393407135463196;
-36.93638244857469;-0.5137440086034724;-2.1823150955665636;-3.4098214973071057;8.545814700949283;7.781921680266702;-5.9611091432511945;-9.453777650765371;-2.9533242762694166e-11;9.52879635287983;14.432267923431665;-7.537518215753428;12.395569396514247;-9.551270248955007;-1.3552009829124931;-0.8717624744006685;
-7.541559712883732;-0.5784221921854947;-3.3718132501045597;-4.25619304244787;14.150669274489946;12.281197182145243;-9.697117726694945;-8.484762407103513;-1.1766211930551295e-11;3.598345719455606;24.17072571002458;-10.226269389910675;9.340894331979328;3.414230193018282;-4.2675217246617745;-3.0832151369521306;
21.456767868608882;-0.5926420579914919;-3.713191356204238;-3.7268043226702696;17.552071120243546;15.016102487700863;-12.239105004176059;-5.632772065421272;9.065894150716333e-12;-3.2196780654038957;27.950455182942285;-9.851548067756774;4.69283218273651;14.616060237487321;-6.10167545997896;-4.36527453776403;
42.711308563613365;-0.7004230493422623;-3.0432067386421773;-2.024189187012121;17.640412464377007;14.987657034109116;-12.65357148305095;-1.5537143749037847;2.7166837292966246e-11;-9.969733838682647;24.36184231892922;-6.535906654502818;-0.4483887224804919;22.446801855205685;-6.312715758535197;-4.40489951810617;
51.7165668992513;-0.9518291073519282;-1.533741834614097;0.2709971964877136;13.977450122238658;11.738630423915067;-10.416574014909527;2.819191233020304;3.774588463701952e-11;-15.442568035012854;14.124837400722763;-1.3179634939429397;-5.074879523822528;26.222122063567518;-4.864364088185069;-3.2764414752405147;
47.7109771264829;-1.2456959419943274;0.3817341732648267;2.424961780862417;7.070094245000675;5.660178175906752;-5.675991707582778;6.51760706322345;3.781911999560965e-11;-18.39578458652979;-0.07083137291272834;4.2013518536867815;-8.477732550267696;25.920841691104073;-2.2200476378826934;-1.3802834300588076;
33.39893170457321;-1.361570343471007;2.171524366082927;3.808853125959592;-1.6514962992773001;-1.9866662175880183;0.69700108045937;8.775343315782168;2.7563093749203833e-11;-17.898420838457223;-14.348992029503005;8.379548973674739;-10.30227377452918;21.889991135762504;0.8357813932519984;0.7150426540622716;
13.71944204601056;-1.0767977158357092;3.386556072560207;4.0925933188831625;-10.174805429621355;-9.375954207751638;7.298311638327959;9.198028795484944;1.0149795879905941e-11;-13.68887177398272;-24.802294004511502;10.044794920891391;-10.48059836898534;14.683275824173899;3.4679600602586635;2.4609939993533936;
-5.844267703038733;-0.3051021223223628;3.7886240313594683;3.3117011274601325;-16.464730012420254;-14.656720418860719;12.5654169106908;7.820978339386599;-9.757001328064592e-12;-6.399642792890596;-28.649694425694182;8.833838104888816;-9.119712335318015;5.081995851576571;5.047468939787997;3.476944072896295;
-20.84105164424888;0.8217725865990486;3.3852476572558237;1.8012392000953286;-19.0528427127828;-16.534216305615097;15.210986101725602;5.050438554106619;-2.699438465455901e-11;2.4690287109027884;-25.031457405770105;5.254998366950171;-6.4239267909382916;-5.77863286578473;5.308363847414237;3.6162902264119934;
-28.858332089566236;1.9724482687595732;2.371918678610742;0.042036557833323274;-17.444004962003447;-14.664235386869162;14.573155889242065;1.5229734652522295;-3.6931521563034405e-11;10.864780816890189;-15.198635220561194;0.4734982610546732;-2.6898485486509083;-16.33083730231626;4.369050241292863;2.9557844818714227;
-29.747873888200903;2.7291715623221946;1.022228486249741;-1.5103587087478902;-12.20263044573066;-9.708942950394412;10.781714975631601;-2.061327240239548;-3.6869594064603396e-11;16.722056415334293;-2.0591797166537944;-4.090367490568042;1.6432723786975933;-24.68957118373444;2.6346523347868964;1.7384250163596398;
-25.13664116471281;2.748895091265296;-0.41419346712712524;-2.552125125628997;-4.720328298524338;-3.061653462963589;4.709442279400543;-5.082447979356009;-2.7024634548680022e-11;18.565333111855008;10.742080499888544;-7.203662339842552;5.949118938858213;-29.013918521309954;0.631016269157642;0.29299065098394195;
-17.508033995862796;1.9030928454984284;-1.7582304696777624;-2.980505726274927;3.2194198429937453;3.6205142123174685;-2.2608162704775063;-7.094479781764209;-1.0024370692172533e-11;15.973788141411905;19.896380444594875;-8.158767600040344;9.444308825932312;-28.025939993293346;-1.1662863431304662;-1.0544588656680258;
-9.233230533743823;0.3452365850739032;-2.8816515427227487;-2.863275144207602;9.91913328157006;8.89195110188199;-8.58003482827255;-7.862836729480749;9.803692345504491e-12;9.73704744071388;23.326135312693904;-6.917006844898905;11.327113805082792;-21.49152822075162;-2.4507923045997466;-2.056510767969778;
-1.88648474011655;-1.508409977661259;-3.6534451328856865;-2.3525759466972858;14.144256038049154;11.848216562272665;-12.895303325530598;-7.351423500471455;2.7181517415970244e-11;1.6352254629409866;20.65772808334227;-4.0424388611791;11.003861829120495;-10.455593428159073;-3.1191290717244495;-2.585472004696081;
3.971747833180832;-3.0815418076739243;-3.906612533561121;-1.5900038648753685;15.317421244165281;12.237276392138996;-14.345040290354614;-5.6814699006261495;3.737294723249007e-11;-6.0926349886164175;13.175636340599437;-0.4725232524247813;8.32794096566835;2.8942981025595866;-3.2249592897793335;-2.6294498154598185;
8.55327639597339;-3.8107302820583637;-3.465366809428599;-0.6537267640884266;13.525078843468274;10.371936893501497;-12.725295557235867;-3.0925094999307783;3.7509741144617105e-11;-11.421670082930639;3.3186539002824773;2.7875052551880173;3.745758199791561;15.72604607326279;-2.892313633176249;-2.2542161982373674;
12.32114999472926;-3.347535395132682;-2.231952614658687;0.42586077700900327;9.388774583856339;6.926475327129863;-8.499911275342903;0.07213704299373358;2.7543199581128945e-11;-13.13844741007136;-6.099187357209869;4.947128562538394;-1.7388279316829367;25.277136423467827;-2.2393672290685345;-1.5571287291780365;
15.459606847311418;-1.7177962435372152;-0.29089486166299894;1.597622740261467;3.870391749907709;2.713310572168196;-2.6676260324987675;3.3603022900010138;1.0230985600350699e-11;-11.170178491768775;-12.699813787740315;5.6096390255886455;-6.802976096266464;29.55853185148322;-1.347279584928994;-0.6387617619230905;
17.587778159662847;0.6367079342079116;2.0303437816059486;2.7179409063974704;-1.934710088272522;-1.4928370332025278;3.4706303294377143;6.221345083562003;-9.910623440435683e-12;-6.543702383506288;-15.150786651114078;4.812879709956123;-10.181690129145707;27.830753125169416;-0.27797144021756326;0.3974279524933675;
17.84636670101954;2.968951193187685;4.192021429769299;3.5305169531322753;-6.984658163124681;-5.0569770130627525;8.59221024664031;8.072583981405735;-2.7555677947815365e-11;-0.9957368502383988;-13.41519892097965;2.9485679199752393;-11.055294046934584;20.721964891758272;0.8820783314578947;1.4272338658968016;
15.311314840579323;4.463315971773807;5.575038374630209;3.7269292031193695;-10.443086797665803;-7.521708296700051;11.63237999519012;8.43179368121655;-3.804797890459437e-11;3.6284978211453485;-8.603696870337963;0.61066636907421;-9.30653642168192;9.983540056837715;1.9868289649840079;2.292448412870421;
9.541533388394694;4.523035834630843;5.680453591044445;3.071253682774608;-11.791093973331702;-8.611579191546923;12.011522974158591;7.075809063582334;-3.8309285754645586e-11;5.9825998884633655;-2.5140055305271707;-1.5723469373951648;-5.549489355020462;-2.0083974483788367;2.8329396152936743;2.8125880658897886;
1.0078317373401973;3.008726368629431;4.322218604289945;1.5312046159894122;-10.893042018830663;-8.232722491709506;9.756220287031173;4.155430483563064;-2.8269114523762494e-11;5.62890584759415;2.9724551254990033;-3.082381456894742;-0.917924837991366;-12.839878479965172;3.205838903322773;2.8252089302351475;
-8.80298392902177;0.33371050135003877;1.7344525233280859;-0.6479978682448886;-8.007612205582614;-6.480484853511592;5.481654562874788;0.21168571147757476;-1.0835563994048187e-11;3.11948918736205;6.4445878444584555;-3.6143083311429995;3.3076889507869174;-20.574051223991933;2.9518252912753753;2.24050242635097;
-17.68451192188492;-2.635704971094576;-1.4559334748304456;-2.9645368419278606;-3.7419752664378416;-3.6515086185767367;0.2401944248802632;-3.92084854715343;9.361518257007179e-12;-0.2673127656973402;7.310120556102614;-3.127542833255659;6.099824829506256;-24.07911159784853;2.047052085463263;1.0901307024807738;
-23.32769915596743;-4.859155835500925;-4.394553497521796;-4.779660704661209;1.04698737239309;-0.2404067259992715;-4.72753786075979;-7.3009298954097845;2.7081110534446563e-11;-3.0308966958170034;5.857335341829592;-1.8408539606258798;6.973496098976246;-23.12388147444701;0.6358860916539935;-0.44636336360386974;
-24.05387091034429;-5.497297095194855;-6.2564369057763685;-5.507227356026532;5.400361979332884;3.109530517423555;-8.284348455984262;-9.109650189715381;3.776082139877129e-11;-4.007987509094804;3.039284565255775;-0.16871982007111108;6.073344028429764;-18.272664159261687;-0.9812956782539117;-2.051889916484735;
-19.40269971831816;-4.249634191918839;-6.5065172061523855;-4.8130400257090304;8.440891585289929;5.718104581646742;-9.666773390583206;-8.86217445008624;3.8594430852598966e-11;-2.7874064758179395;0.07434484418549547;1.3920242603101738;4.042058419755589;-10.66060951331863;-2.4150421063360437;-3.3283761936728378;
-10.353888343912988;-1.5068598156010249;-5.068668431787986;-2.7533151453980356;9.560180066417196;7.024329538835474;-8.669224569922097;-6.549988680650804;2.93165058135836e-11;0.1647854999842817;-1.9894893864698258;2.400885966945712;1.7357699435312641;-1.7330775122494622;-3.2906826346776645;-3.8949812612867247;
0.9069536184994966;1.7745572185595813;-2.3483489084111104;0.19911276049309956;8.565413398718757;6.742682702303872;-5.691046702003481;-2.6776885083741067;1.2411501001940824e-11;3.70507979681212;-2.598940786779274;2.597903004924579;-0.09923253987492364;6.995564666835162;-3.3585194960437708;-3.5066136685628853;
11.604207616168546;4.440365233942286;0.8894751761247268;3.259950935000554;5.743614227754359;4.9674101621690605;-1.6239971174289654;1.8277796033110207;-7.703924989084806e-12;6.451469510944985;-1.8136625489959346;1.971216094928099;-1.072101487770776;14.142141377559891;-2.5800817961628915;-2.1584664325812937;
19.16811680288602;5.588928007793173;3.746862525621522;5.553076793513535;1.812405424061727;2.17824178820388;2.4012196499793683;5.835769843013185;-2.5955454190653938e-11;7.293049684589508;-0.20288179481970303;0.7468322967778556;-1.2320554609593855;18.61805421639012;-1.161274205526714;-0.13350887459046135;
21.95365575867342;4.904539178768136;5.4602437118847424;6.384927840759924;-2.248086962318843;-0.8736682704142482;5.34062982082917;8.316643855440063;-3.7577120837767955e-11;5.785629752443625;1.4210460395337652;-0.6888719965662391;-0.9700890367617964;19.765438977364408;0.4921849382463829;2.044553569066445;
19.655983226895398;2.7369349926920044;5.628045131972542;5.479003309736507;-5.446850746823939;-3.3756155156225267;6.531669940348135;8.643569193406876;-3.929840516773609e-11;2.2974607747765017;2.3258723575185485;-1.9037141113875515;-0.7907850747896046;17.46080385441672;1.8971560547694326;3.757144073383965;
13.303266226028896;-0.08835151145468689;4.321984466236418;3.0784277543519205;-7.044605871332805;-4.692667830528405;5.8618139438515495;6.785772697769626;-3.057581210461188e-11;-2.1370272545750906;2.1230522674839456;-2.5390957138804673;-1.0595423099963632;12.161505259464688;2.6549554437406693;4.490631914644579;
4.854740043693836;-2.624384689044338;2.042443403931922;-0.12628546914906114;-6.745925746328634;-4.555855774712446;3.7622444485664044;3.3206333818878635;-1.3762235121772147e-11;-6.189535231068906;0.8851861512406225;-2.4062280552378237;-1.8314873977625419;4.861386398935755;2.5899538702829332;4.013143376856843;
-3.437969285512387;-4.153843106199604;-0.4648857965816272;-3.218534660677459;-4.763847918705295;-3.1369944775363208;1.0357404649503077;-0.7446419842772944;6.794709817651205e-12;-8.689740376115829;-0.9115177750300949;-1.5362657524786996;-2.824301347256247;-3.0658808912870223;1.8075317562371085;2.456768430573557;
-9.685381502142134;-4.391766233695391;-2.463596741031357;-5.346573363546959;-1.7402186317843973;-0.9840827437118504;-1.4218600629777958;-4.286806149266156;2.5759329612257454e-11;-8.991623408450545;-2.5857505261226676;-0.17181155163081252;-3.538381161634155;-10.123535014101217;0.6452216131650133;0.2719698701196598;
-12.827655557122869;-3.486189378419586;-3.459637795764854;-5.980637952039578;1.451858546385003;1.1641121189672217;-2.9134035227537636;-6.410299249521503;3.791796745033331e-11;-7.132916632085335;-3.510015746247499;1.2983570205132806;-3.4754562163935927;-14.998672244299403;-0.4641159549665089;-1.924946447377329;
-12.791002942527186;-1.8631872155285563;-3.3305114906013937;-5.0466680415398635;3.9574569733462432;2.6195749014316503;-3.146230783281027;-6.698392624321456;3.981239439859426e-11;-3.74788970337584;-3.3336492113457226;2.4480296036106193;-2.368326135881982;-16.84401261996146;-1.1586113654236594;-3.5465493515301976;
-10.32153220424053;-0.021966747654755148;-2.3153527328609376;-2.9015090816102576;5.159499611317351;2.9550270131884306;-2.28563123054033;-5.286649676116408;3.089740426796757e-11;0.21093103263262236;-2.094510193920759;2.9411658157793275;-0.3252233470339492;-15.454357205123149;-1.2731940825711188;-4.197781593134325;
-6.597323671125672;1.6177441222225633;-0.8898829379927794;-0.1830455858813198;4.811317386534014;2.115612107066396;-0.8489952744967282;-2.752493265632353;1.357373365089939e-11;3.81047920552428;-0.1911032440490701;2.6388820270026687;2.1728715358039556;-11.285112319717907;-0.8790030363073648;-3.7626419768889403;
-2.7844515444366995;2.772231855048532;0.4145337111034064;2.3920346865545703;3.068498520186715;0.4128358265078558;0.5100531306749392;0.11275473787263524;-7.494352381914093e-12;6.390062624991786;1.7635963399264656;1.6419656089109325;4.4208075362157135;-5.314753706901813;-0.23194339666538155;-2.4069269162898674;
0.3062123223249067;3.2822232850940347;1.1865298505560389;4.215223390539961;0.4341365109389572;-1.580738346016326;1.2477071105240043;2.5546700608454245;-2.6555124063281236e-11;7.648605570944248;3.1514316193967704;0.24809561871731467;5.727293802766718;1.1975189769986256;0.3407890391370165;-0.5141075062418541;
2.366240648406137;3.090987688745378;1.2556748515524634;4.915988942398574;-2.3622873496881915;-3.1989604667963714;1.12186671350035;4.048072869234178;-3.8318311316732876e-11;7.581171647958989;3.551834796387352;-1.1558845045817363;5.6562362326398095;6.987716168232037;0.5714145077204464;1.4212408839010755;
3.5259433557143836;2.2434842793194085;0.7248084627960734;4.41644286236604;-4.53139245339298;-3.8670893054201985;0.2621364645159814;4.386683673218339;-3.936418979831857e-11;6.3465834303855075;2.872882467744329;-2.218331918849787;4.181809137159435;11.033202723816188;0.35260327605003927;2.91657823523852;
4.141891208200856;0.8967571867453292;-0.09291536981257575;2.914054953944429;-5.412590283818794;-3.2626736303922095;-0.906444176580679;3.669200815037525;-2.953324276269418e-11;4.158250085199397;1.3693201972324935;-2.7177946565174254;1.6967429814070647;12.727935565334722;-0.22649411600860314;3.6151685507518607;
4.546850942880736;-0.6825769296732911;-0.804170572253343;0.8118939241736012;-4.654528442346954;-1.419596395826444;-1.8482406980410424;2.2129857261908406;-1.1766211930551282e-11;1.2553071658128099;-0.4545531026375784;-2.6032810812830185;-1.127067296597914;11.965577704942191;-0.9196139621423363;3.3681238832605387;
4.871705531413513;-2.1485373998971276;-1.0818908474868545;-1.3802668772324445;-2.343165838658195;1.2513476321051353;-2.127752630578934;0.43942256527088475;9.065894150716368e-12;-2.046666968575293;-2.0189197319703003;-1.9773375326412461;-3.5651723636722616;9.120244968897728;-1.4205502945885518;2.267885294972789;
5.002431176471665;-3.1376320289984307;-0.7766285576469831;-3.1561151258226716;0.971994090990894;4.042123943035294;-1.5647463460702766;-1.2318525336464925;2.7166837292966297e-11;-5.282500682462438;-2.856083052749578;-1.038750835549801;-5.06279325240871;4.928983388912252;-1.4807553807264813;0.6232122301440297;
4.672038760876218;-3.3574668013745423;0.04097600955046743;-4.118238029509486;4.38449056606667;6.1209574924753944;-0.2878984972414025;-2.4588948995415265;3.774588463701957e-11;-7.823904125611086;-2.7484046601702627;-0.012174945443905627;-5.37162170673774;0.3049055177483422;-1.0033294219118243;-1.1216879797910173;
3.632635992332408;-2.683085231267511;1.113471873593136;-4.059459499282459;6.861280123009692;6.76247437221112;1.319815674813469;-3.0180989128886355;3.781911999560969e-11;-8.983056111700147;-1.7773469582777501;0.9113697887049299;-4.564541992348209;-3.868981371004126;-0.07892542052019724;-2.5041459045910597;
1.822295311055596;-1.2266406162692438;2.0852823230951625;-3.004601428759981;7.542881807432256;5.5739149531721575;2.7564301327716754;-2.821440715480695;2.7563093749203852e-11;-8.229174635690228;-0.2786180662599187;1.6098822790307072;-2.9472113342122546;-6.912592635868203;1.0463797230880152;-3.1640607268982115;
-0.5513670022192927;0.6564606517401077;2.611317025063257;-1.2081335616000488;6.027625043128663;2.650838835768586;3.5631691975991235;-1.9281798500504141;1.0149795879905941e-11;-5.4438212080012045;1.27293841730646;2.0361537427335077;-0.9255159934862913;-8.449613900867606;2.0527244064689514;-2.9370549279988305;
-3.0452905960755863;2.4434267657290576;2.454985867547413;0.8922804856920239;2.5459900579714403;-1.3930775823262636;3.4595892398338806;-0.5499395533498088;-9.757001328064608e-12;-1.0924785643472847;2.408392286457035;2.195162900324601;1.106397793594926;-8.421608500600565;2.6433215604102287;-1.897571138247322;
-5.112571366529313;3.5884712808285193;1.558603453533592;2.7656786381067917;-2.047619024692382;-5.549682059523586;2.419814448429051;0.9706266886351546;-2.6994384654559036e-11;3.8011117735006277;2.796124755879587;2.1053527871486866;2.823675140436597;-7.030956425226137;2.626234623950785;-0.3413172931610722;
-6.275184974930886;3.693967159457345;0.07284882635089174;3.910740480427252;-6.483583100305702;-8.674393615604604;0.6766110104986534;2.2217959874869866;-3.693152156303443e-11;7.912208328391466;2.325020116379238;1.765568234859717;3.9826552599600182;-4.652996829705325;1.9628941867887062;1.2908143522844022;
-6.272347969526164;2.6557035676934575;-1.667723013551444;3.9875575070511555;-9.435110862951602;-9.809823373117723;-1.3463142606869147;2.8232910038182366;-3.6869594064603416e-11;10.029815098607187;1.1219730664731893;1.148235939097101;4.417535296830158;-1.7560795865338525;0.7742717157702066;2.529739800665512;
-5.131599058024051;0.7319261308184117;-3.22189079103804;2.9277994453283127;-9.9237348174948;-8.480781564301259;-3.151959703258812;2.5477796029980047;-2.7024634548680035e-11;9.477807802464719;-0.49236043781745376;0.22878274734177717;4.047737167346721;1.1603718855780092;-0.6929944470509768;3.0072801570082173;
-3.1415013610484044;-1.5044645485216193;-4.15105506383511;0.9891180918340874;-7.649092241258332;-4.871081265370268;-4.29632765884174;1.4243898745714985;-1.0024370692172533e-11;6.3778218435145995;-2.087506254356883;-0.9543791283411955;2.9043739960372443;3.6248156841221757;-2.123820570583055;2.5667331334646843;
-0.74730008910772;-3.3382714195671874;-4.134478261431264;-1.2821592194610067;-3.1275104696016527;0.18332786249241817;-4.486386699169712;-0.22919842535125134;9.803692345504501e-12;1.6426123947850653;-3.222210228797107;-2.237784725857529;1.1613754256354267;5.261330827987948;-3.196402368107734;1.3244380279919343;
1.5804446995064452;-4.157152274810507;-3.068564663925493;-3.1959571522323094;2.428174149156998;5.4040397411088685;-3.63884040828167;-1.8821449952415448;2.718151741597026e-11;-3.309720604614744;-3.5447902513848786;-3.316439370662979;-0.8598911549675915;5.855480897003104;-3.6423142350220488;-0.34644130253979477;
3.4557474370419103;-3.6727667257946046;-1.1262049998945804;-4.139040665734986;7.465969057097952;9.431667188233453;-1.9055159252375096;-2.9619716399674427;3.737294723249008e-11;-7.022472571476017;-2.886351260288238;-3.8099532148837114;-2.7381393687726945;5.393366788101398;-3.306394635280818;-1.920944679889454;
4.639148054724988;-2.028519536544402;1.2527656318093028;-3.7931099079572093;10.572000755023666;11.22186088786819;0.33916293916480234;-3.0622605091383317;3.750974114461712e-11;-8.480894731691397;-1.3298961969109295;-3.4031255041475426;-4.048636246024246;4.056772858871838;-2.1986110564418038;-2.8910739807484624;
5.04916197149412;0.24741051922272517;3.4579678684823296;-2.2615590625592423;10.900492584413701;10.338872733084031;2.565512501306319;-2.1049057303140235;2.7543199581128958e-11;-7.432893870745534;0.7722429144928058;-2.0038953551356053;-4.475130030029245;2.1761541696864146;-0.5172834128509081;-2.9401275038468175;
4.736081628147353;2.4264109590711582;4.878138253684915;-0.04688763901645654;8.411856265376276;7.052473725400392;4.215907007200086;-0.3872750011075867;1.0230985600350705e-11;-4.435223814809241;2.858658001224626;0.1575668281273268;-3.8969344034899573;0.15444901779379094;1.3762869242689793;-2.0562571624985155;
3.8357531917170675;3.830878882871114;5.0944157840938935;2.121358895612686;3.852270808205703;2.2236975633505374;4.866584580638065;1.5138987040550567;-9.910623440435686e-12;-0.615981665475601;4.303157527940277;2.546247613435499;-2.426652529514938;-1.6227479007482877;3.0366682454426632;-0.5390916090479185;
2.5204594426851643;4.0570454230383;4.027371835664674;3.545919918880731;-1.500189717906491;-2.962125614420419;4.366489364915629;2.950040051849544;-2.7555677947815378e-11;2.7492870013549076;4.613292678343798;4.467806550949385;-0.39159193271672077;-2.8695198203570986;4.050630228498593;1.1068536364460162;
0.9639059163187288;3.0932398142614255;1.9770661690542488;3.8083553593779214;-6.227953706891505;-7.319100674024065;2.8881374028612723;3.438464337845483;-3.8047978904594394e-11;4.687625286747782;3.61623073000788;5.298072963896148;1.737384394208711;-3.4488167803041616;4.156409770402035;2.352953603032945;
-0.6678633774071088;1.3040933128783698;-0.46663061479559986;2.9072866016643806;-9.177773112942276;-9.945969773687766;0.8620111732997373;2.8367045685122605;-3.8309285754645625e-11;4.841770677030169;1.5535264642237294;4.71139917285347;3.4560503334971155;-3.3747217370162526;3.3244352014744822;2.8315296298516794;
-2.2055415155418556;-0.7066969908175433;-2.616579108299156;1.2353888735910465;-9.755819742660748;-10.403322621345716;-1.1762947410387845;1.385687085791277;-2.826911452376254e-11;3.5361606926712157;-0.9677694946218436;2.8163955173924906;4.3514343902681905;-2.776610200499025;1.7682960071229123;2.4536331802824343;
-3.470371985852285;-2.3109694217188568;-3.9159952720796953;-0.5935701733033654;-8.035435082795722;-8.75205197032762;-2.759853560195832;-0.3950075508190998;-1.0835563994048232e-11;1.579093783833153;-3.1676330092249403;0.13868667407698787;4.208116242074816;-1.8478524804242222;-0.1209167528402304;1.4162189257874416;
-4.292767874154377;-3.07633683872698;-4.116047124659223;-1.9927920241760142;-4.6641121058501795;-5.467005353131139;-3.617275284468019;-1.916543893893441;9.36151825700714e-12;-0.11326150533995971;-4.368458998303844;-2.550942426992676;3.064476837135198;-0.8000002116804832;-1.8939597112857667;0.10242857820545348;
-4.548858081136413;-2.906419576303443;-3.3353097158350384;-2.6174560247329546;-0.6223213712670954;-1.277890496583887;-3.712865161914541;-2.7456961163840328;2.708111053444653e-11;-0.9145033329442762;-4.246684086889736;-4.498815232679646;1.2015279402194188;0.16913438693594474;-3.1717482372625314;-1.0759148523778586;
-4.190430547593068;-2.0395537616080874;-1.9808833145180795;-2.4569275177280723;3.0746343251301447;2.9994928595310784;-3.200245369032067;-2.749457619290985;3.776082139877127e-11;-0.7400372845928018;-2.9508781942987232;-5.2159715835639595;-0.9304628965122872;0.8993340792950744;-3.7366085846956607;-1.8236408471204466;
-3.2514191206730194;-0.9082298584461119;-0.5665104945572048;-1.775328782608102;5.639980479382848;6.599435477411496;-2.31936672716024;-2.1008655464192407;3.859443085259897e-11;-0.043352914358219086;-1.0294762985110233;-4.614856995007374;-2.8236903219947225;1.2939475093535118;-3.559507250266248;-2.0382182043723653;
-1.8338580646207079;0.06959548443037633;0.49667851854389866;-0.9430420871551316;6.6784462185043;8.90130591580692;-1.2832654378974253;-1.1528822296267311;2.9316505813583625e-11;0.44467294567975646;0.8026420480135878;-2.991306512835549;-4.032044480016079;1.3472280290931442;-2.7646107504375697;-1.7960923848127508;
-0.08984954824188662;0.6631297258682582;1.0486027769723267;-0.25011877738703003;6.221171927583508;9.498672931651269;-0.2059271152509139;-0.25222339746315137;1.2411501001940863e-11;0.11575192988477934;1.9565461939989575;-0.8754451588288226;-4.270848328140663;1.1561410639259104;-1.5580219309832724;-1.2715718877102165;
1.7868410393975251;0.884994959879967;1.2041415922095136;0.20736243162583945;4.642842762445038;8.25954754044839;0.8952368939865589;0.41055712936333655;-7.703924989084758e-12;-1.1670380973933185;2.193610517275829;1.1732416158187782;-3.478860710954964;0.8959659722466502;-0.1593015711546113;-0.6384066255933342;
3.5604534915573036;0.9193530124035858;1.2455444596917538;0.5230474632935547;2.5014845371562835;5.376032568946908;2.027843004663198;0.84743244569113;-2.595545419065388e-11;-2.9459895384640538;1.68696247507475;2.7384695809274877;-1.833621849835108;0.7534247249627841;1.2347428504323994;-0.00372281515913353;
4.9566785861467455;0.9791184202603631;1.4390348510802664;0.873804881122003;0.3575846790939645;1.3769096604888533;3.128005150193353;1.2044708456600142;-3.75771208377679e-11;-4.341873488960458;0.8990475586203077;3.6270057384171963;0.28093415693976453;0.8366597949481009;2.449057471086181;0.6001183612313653;
5.6857109956584075;1.1755285969528066;1.867289041826847;1.3718739282593235;-1.3724586747454564;-2.933104838505386;3.9976972364326073;1.622056639843233;-3.9298405167736046e-11;-4.4534770947650895;0.33713045335296576;3.844451781308827;2.3510019839598013;1.1046052219588978;3.311425510971092;1.17100893900569;
5.4964024964051905;1.4588121041096627;2.3609999937225714;1.9540862578157292;-2.4897645247964526;-6.622849931586016;4.319728189671855;2.1011956980222877;-3.0575812104611863e-11;-2.803105308350111;0.3022321995449906;3.5020531897681724;3.8459555660755287;1.3601190098925926;3.6462183991709236;1.6715801470071243;
4.2582608814182485;1.6427845093354052;2.5663285917664598;2.371210243166967;-3.001437681313177;-8.848207638211182;3.76364936595;2.4524230231698967;-1.3762235121772154e-11;0.3792670644766156;0.7473326112627434;2.716119080879677;4.351966041604841;1.3243054928387112;3.304687357582576;1.988222262788211;
2.046217231709293;1.4941893704348197;2.1221472233597183;2.2935297504106864;-3.04541551154402;-9.073878529561485;2.157325151091531;2.365756441606305;6.794709817651173e-12;4.168684803045013;1.3096015114267523;1.5581536387513941;3.697211855340108;0.7681852877571625;2.2323868347364346;1.9506188275823302;
-0.8114486336205853;0.8544048376926405;0.8673224265602424;1.488785604758474;-2.79567303125989;-7.237501872064012;-0.3471368600197917;1.578370555896812;2.5759329612257402e-11;7.256956973018485;1.501606090247477;0.0806129800538784;2.0283175870844676;-0.3547648327112469;0.5446947799113189;1.4142164277273774;
-3.7584730510950317;-0.2518733611643873;-1.0229276594880259;-0.015177934797079962;-2.387053786618675;-3.795721822500532;-3.2122606543357977;0.05802082668941466;3.7917967450333255e-11;8.438632449426432;0.9718080472941467;-1.604789992824161;-0.2011405922280196;-1.8371899449098459;-1.4370941569704996;0.36779193542838384;
-6.123133987215526;-1.5757019715291865;-3.0467712163667184;-1.872532801906666;-1.877322223893388;0.3815807767424777;-5.6279604234919915;-1.8996265913378383;3.981239439859421e-11;7.079703407975717;-0.2906535916326898;-3.2560755266912738;-2.3466426490874417;-3.2467788343985733;-3.2290402943475627;-0.9955947149330437;
-7.293627493200846;-2.7045446147589614;-4.539626459945847;-3.5076119608166136;-1.2513233322047759;4.247550412429173;-6.778813964378684;-3.7228211454022553;3.089740426796754e-11;3.389298487191833;-1.909480187468073;-4.499300604214105;-3.768480555104568;-4.056890333904976;-4.312696551288423;-2.2967981448499337;
-6.900283869046334;-3.2098248650285464;-4.926949622158506;-4.319563538316646;-0.4666171216645133;6.866905688247169;-6.1582978906050645;-4.755386263722138;1.3573733650899397e-11;-1.6087972247702629;-3.2622906241092977;-4.921652127753214;-4.04214632256164;-3.838990350829197;-4.309711896733965;-3.088208165659263;
-4.945790964573059;-2.8249677104128805;-3.960841679550777;-3.921901605760366;0.4781892040487675;7.662449276401809;-3.7927482034979296;-4.515317176043903;-7.494352381914058e-12;-6.399276859394106;-3.7489948912817255;-4.231314298047996;-3.105535264910632;-2.447523955894643;-3.136255600798237;-3.0285448115069924;
-1.8401031845189082;-1.5807282362360444;-1.8416189064616384;-2.3189834200938533;1.4915346461864065;6.551361239656198;-0.27689678644602456;-2.914033171715719;-2.6555124063281184e-11;-9.482904311022093;-3.0673280847947746;-2.415880622860718;-1.2870651744510517;-0.12485751941378642;-1.0714401169435355;-2.03971783474475;
1.682870403742962;0.1666877315861166;0.8295425610168201;0.058335253921574015;2.3877457156466173;3.9421753559861816;3.3964719204097396;-0.3378660920741692;-3.8318311316732824e-11;-9.888858008711289;-1.3698202238107648;0.17898827067910394;0.8003799221704035;2.5237156145759734;1.2997894041036409;-0.3722941938189941;
4.755720391538072;1.8417918493116792;3.2529686707852563;2.482141496041586;2.94264891880344;0.6019984074287574;6.15103202240559;2.4542894641441046;-3.936418979831853e-11;-7.504816971407754;0.7760351663708207;2.9042361020912555;2.468501152276292;4.693497052746959;3.264423923178136;1.4591955580098948;
6.622026796532621;2.86244066871268;4.70968365230828;4.179109119274424;2.9822977870437115;-2.5616230286360446;7.175964879464684;4.586745642578475;-2.9533242762694166e-11;-3.1034904598128845;2.6158808482489566;4.9944703698668675;3.1930780118437965;5.639198724988633;4.222852010352218;2.854482243091364;
6.857129698526556;2.881816160204454;4.808342035010886;4.610451929798748;2.463718430091512;-4.740744276913782;6.190396984711958;5.379644900628623;-1.1766211930551295e-11;1.9400844475567922;3.52474773508675;5.8247517418716575;2.7950604313357137;4.9452193018930135;3.901585274909377;3.3508600054181943;
5.49148246158045;1.9533089903091667;3.607491778980089;3.6718115001360303;1.5065756159833046;-5.428973762411649;3.533755558494415;4.595538108888393;9.065894150716333e-12;6.129594785506294;3.2660631170154897;5.1368958692337;1.495599082483503;2.710792770258042;2.4504886918157984;2.800707031679246;
2.992227926221985;0.5248679879381289;1.574348643311727;1.7322160245914542;0.35460656493086834;-4.542924472599153;0.052369082343906914;2.5233308098098064;2.7166837292966246e-11;8.344988010113347;2.076591629906706;3.14154756238785;-0.17426980071266152;-0.4303619857238803;0.3848479799088942;1.4290688605586788;
0.10714016950013194;-0.7555609754728076;-0.5953102763052819;-0.507119043037344;-0.7195929187457888;-2.4394305645682377;-3.1791079047412563;-0.12931335092788565;3.774588463701952e-11;8.174584496930525;0.5437018580952766;0.451622738191932;-1.5739514421680871;-3.4876493782556133;-1.6027448509714786;-0.2544345992729595;
-2.3752920476842316;-1.3384425044343888;-2.224910996517389;-2.2806893790541984;-1.5202436557699863;0.18002101602036058;-5.208466363728929;-2.489503964204519;3.781911999560965e-11;5.971620159438612;-0.6656923598276823;-2.1282915236539095;-2.1893478592655713;-5.443026454648127;-2.885246686268763;-1.654064652644735;
-3.8681809104524576;-1.0297799550793771;-2.884423306283728;-3.0480559365547446;-1.98946811556879;2.4669222492448992;-5.51142507579365;-3.8261824251928083;2.7563093749203833e-11;2.6408282852533653;-1.1035072641339694;-3.876487127436401;-1.8207343144216532;-5.615365868994562;-3.108666805632292;-2.315499777885827;
-4.151955140074677;-0.08343558089197578;-2.5213570239680454;-2.6901616572910783;-2.1929402961840663;3.6841144256009013;-4.147924979143216;-3.8044050756453567;1.0149795879905941e-11;-0.7341246593588842;-0.7368217256297032;-4.391737729100626;-0.656380538277824;-3.919812124908948;-2.29528547704876;-2.0915697866675025;
-3.41142152815773;0.9147537444320013;-1.4543495638171913;-1.533157418622591;-2.242594521127125;3.4506192421065935;-1.7167603935265;-2.592801812750821;-9.757001328064592e-12;-3.266299064755455;0.04335178680911034;-3.7086466969813845;0.7971074363174044;-0.9191107945895878;-0.8150847675395332;-1.1828777142954339;
-2.132644391215714;1.322768752166164;-0.23411093016500928;-0.18863446428960984;-2.2033835190960858;1.8854167302152232;0.871641456471735;-0.777653993979757;-2.699438465455901e-11;-4.510842155108249;0.6088819181901197;-2.249196893751758;1.9082138836190652;2.35871478340948;0.7580311968875434;-0.04040173026838956;
-0.8948493980829202;0.7590171908831256;0.5790893008642239;0.7212004112626127;-2.0353604260452656;-0.41259651788296603;2.7219103065621457;0.8845072787826371;-3.6931521563034405e-11;-4.512354871965205;0.4022868043355978;-0.6300218675070883;2.1691289800096043;4.773365306846251;1.8533607583233644;0.8281145508002145;
-0.13630315609419963;-0.6857668093896025;0.6393708319765923;0.8318237807968232;-1.5999869187824518;-2.5541009709047096;3.2647504161064442;1.7730705308148695;-3.6869594064603396e-11;-3.668231502423014;-0.7655333658492465;0.594018337377894;1.4017372900130467;5.4673796714183815;2.1016092341627006;1.0672771764960842;
0.01033330448787595;-2.4479720924376216;-0.045228274149719416;0.1833441821331454;-0.7334022037711974;-3.6649367732936904;2.442414702192554;1.6406032245127884;-2.7024634548680022e-11;-2.492374614608519;-2.5643669088851007;1.1383090161060387;-0.16312852433504288;4.16351099667155;1.4551886755356922;0.6134207532820609;
-0.2539904326667932;-3.711543861663703;-1.110318784031665;-0.8090078706492547;0.6339786377328187;-3.213527220803754;0.70663611663762;0.6867441943751202;-1.0024370692172533e-11;-1.3911068684763872;-4.223239387467185;1.0625527429752912;-1.963342305794213;1.2693398745752544;0.19318649311672065;-0.2877754154668686;
-0.5100321894414009;-3.7544172928224544;-1.9718194222692174;-1.5410319957254335;2.3605717069705667;-1.2453219476224793;-1.1621455696012264;-0.5501065909034442;9.803692345504491e-12;-0.5363588074347203;-4.824143316547544;0.692945884070514;-3.3075780994301978;-2.237937725011928;-1.1825456286479388;-1.1856103288158142;
-0.32549814738510086;-2.2752683475360134;-2.0577042750547334;-1.4849017681658878;4.047293743428187;1.5779009305150167;-2.3480313067268095;-1.4270346644038967;2.7181517415970244e-11;0.1334793772069442;-3.7012129682576647;0.44204696414260813;-3.6251041030410955;-5.1143235211583455;-2.1210917512265306;-1.6061893045269429;
0.5346435402796055;0.4282083119363169;-1.0566955347295057;-0.43120913463817745;5.11420891464611;4.177722711580139;-2.3077240959516763;-1.4624374984564557;3.737294723249007e-11;0.8055850375008583;-0.7845878750785831;0.6087345980147973;-2.6734418282808234;-6.260251534925134;-2.2121905426003097;-1.244263537845374;
1.974949398119851;3.5078447743670815;0.9101373212833148;1.386625553077117;4.999970280571668;5.449521864135869;-0.98740046757879;-0.5368975725318965;3.7509741144617105e-11;1.6342625340712953;3.2610024619500493;1.237336278675604;-0.6346429155571669;-5.120560116727364;-1.3358151744482416;-0.09750455747371634;
3.567956319387138;5.84728191902817;3.2729553543638352;3.3415274486725624;3.4160944712456933;4.70483371352188;1.1352828049805241;1.045381129673747;2.7543199581128945e-11;2.6048018250210734;7.183361842250576;2.086909907930628;1.928469846917677;-1.9323522123085848;0.27678027971628216;1.5056319295665148;
4.692277781346339;6.487850746630018;5.17733197832645;4.627803891937278;0.5440533022176699;1.9865624621922695;3.2123792668589304;2.6612312074613738;1.0230985600350699e-11;3.4827499654573595;9.547311341315686;2.720689346887807;4.240750577651271;2.2934425688360514;2.0974131197445542;2.999821671052139;
4.762977653651394;5.027379879192166;5.783699514682889;4.568072365799523;-2.92758695288341;-1.8823689583781902;4.343202411320169;3.6027610969171757;-9.910623440435683e-12;3.8786824600595153;9.260531858315169;2.6834968774934804;5.553988076282652;6.083817827071153;3.4628966029584434;3.772826086451934;
3.4676880903236356;1.8170138277289958;4.598422625024579;2.899424701109605;-5.9706544754554045;-5.555202669873943;3.932025727050941;3.3557202684961887;-2.7555677947815365e-11;3.411722363031755;6.024928875688966;1.7028374793388052;5.381323618260708;8.016870956139897;3.7992908256103606;3.3903642937004195;
0.9198995874564311;-2.1374443883207177;1.711259514272907;-0.07169855080885057;-7.552126259364826;-7.6430357884430125;1.943203538603436;1.8185413370061698;-3.804797890459437e-11;1.9095885515300868;0.5329080335701573;-0.16248402458606215;3.655146690353492;7.252755383596693;2.8367648113270656;1.7781096675922838;
-2.3284062709846025;-5.5375535849549244;-2.162684682662374;-3.517047194058884;-7.019495231990206;-7.247396634219825;-1.053287343166955;-0.6267500679819502;-3.8309285754645586e-11;-0.4434271810420012;-5.6850419097324965;-2.487886893139301;0.76216566910335;3.880199678606333;0.7385182213965185;-0.708370542114678;
-5.426459785327194;-7.272466900160672;-5.875337116076523;-6.339013721042973;-4.379274138050337;-4.331818024579441;-4.071877086626505;-3.228449587481566;-2.8269114523762494e-11;-3.0910503401315546;-10.728600156261898;-4.5878747071001875;-2.5555397797462875;-1.0641125053709528;-1.9124941090269774;-3.3623847165651046;
-7.4773852517773935;-6.82040058130176;-8.221727446030773;-7.548008166007928;-0.3440076338106448;0.22630476566575375;-6.068527610594959;-5.124372915159874;-1.0835563994048187e-11;-5.2519990048252065;-12.95953605724544;-5.737163423971015;-5.40752151738611;-5.930454728450115;-4.281930874023034;-5.340567881922626;
-7.821347774978037;-4.412395701071489;-8.366129407840655;-6.625019168404408;3.8811546393234666;4.932153970363279;-6.325402566822399;-5.646715362022203;9.361518257007179e-12;-6.183970282053842;-11.574232252710733;-5.43480096012726;-7.009421582014474;-9.035949358724515;-5.561043347157583;-5.946065697836868;
-6.2521317459196615;-0.9080680878366185;-6.153100155046841;-3.7288420638755237;6.998300808958879;8.206558256618052;-4.711175653605291;-4.557593519806691;2.7081110534446563e-11;-5.462757172045558;-6.902255273327859;-3.6083749832835186;-6.906446770143372;-9.276691936988453;-5.254302968134521;-4.879194250682969;
-3.0925173480127;2.5498293318126457;-2.1782403081651234;0.3354719540180904;8.058570599512109;8.952711797815791;-1.7178429721578605;-2.1308249756384092;3.776082139877129e-11;-3.164810863132782;-0.3157849209244601;-0.6722090347250402;-5.099003706317338;-6.537553704486132;-3.3671039972215704;-2.3601315645340604;
0.8966663860061717;4.954761211138823;2.411352066865422;4.381089302927569;6.780896500537355;6.939810150087134;1.7324886878039627;0.9443687347825462;3.8594430852598966e-11;0.12330569322454954;6.21358601386048;2.58880606360535;-2.035589944583064;-1.7363976471783884;-0.41783168500145607;0.9271206407947417;
4.737936601717998;5.7607254550613956;6.306207285885587;7.238127235372209;3.6302836542732866;2.8632306505921896;4.623177532173565;3.796717518634209;2.93165058135836e-11;3.4785065272546425;10.754801491678611;5.270293519101083;1.521695580483804;3.5189972149758355;2.733787372406277;4.053492470790237;
7.5078499196988515;4.996528407140098;8.458080062837514;8.132522475174202;-0.3616141394997885;-1.9238872683757515;6.181448191877507;5.6527919564902245;1.2411501001940824e-11;5.9349874469135475;12.054705323138684;6.641863476499932;4.711558241141157;7.5241428580191165;5.175128015626385;6.145127388412231;
8.573107535678616;3.1597418603879435;8.384314018745053;6.908678965330914;-3.9572609212592256;-5.8924916815978285;6.097377449287966;6.061771922151145;-7.703924989084806e-12;6.7914850766320844;9.970587133732044;6.372418694704127;6.797114372780701;9.082030203023798;6.232748696810467;6.652028543068166;
7.735787169236353;0.9707896946144969;6.266269120138752;4.03552666920992;-6.128110597990936;-7.858495993297065;4.567378363581968;4.999492511189514;-2.5955454190653938e-11;5.828402070350216;5.524606073576166;4.60958273649853;7.338807580767142;7.88557142481476;5.6650446921052;5.49398230882243;
5.259156941157862;-0.8998160585582446;2.836475373412241;0.4157280417898024;-6.381939592446514;-7.365336895091078;2.17320421341465;2.838217993389785;-3.7577120837767955e-11;3.3685719552941453;0.5145512188705839;1.9004977634800508;6.2830180979008405;4.550898548560145;3.7042518829126347;3.0506606670956065;
1.773583299715206;-2.0370937790460224;-0.8899562646678927;-2.9269328391454175;-4.885838975470252;-4.797751763335089;-0.3482143979094472;0.20427119366910063;-3.929840516773609e-11;0.16427423187474588;-3.2066508139295005;-1.0040205138995493;3.952437769925073;0.31986188029828755;0.9516442227696822;0.017742225141075263;
-1.9039403164478057;-2.3680116098849964;-3.945203124464985;-5.173518221286881;-2.34364225994693;-1.1923444518518096;-2.36073792630198;-2.2286883816222276;-3.057581210461188e-11;-2.854064145100633;-4.507429141976323;-3.390519242761945;0.9419421031562747;-3.4285594348257646;-1.8290593368760681;-2.8144858897457214;
-4.979817339400186;-2.121864685795505;-5.6901678912675875;-5.936690258343238;0.3126368322854778;2.1747765766298306;-3.517751057735034;-3.9388726167474553;-1.3762235121772147e-11;-4.881559973292372;-3.4741795736837116;-4.786870258593207;-2.0518359165606115;-5.662043274485741;-3.9481200286391367;-4.787589048428992;
-6.864713992915597;-1.6908548995656596;-5.956740360326627;-5.315012796337142;2.2828890582071457;4.259182626939799;-3.816132121292159;-4.677080092520595;6.794709817651205e-12;-5.484618980975109;-1.3790063957786955;-5.061104953810055;-4.415624542399119;-5.998884072934313;-4.978113062255874;-5.538353364704735;
-7.282324656848602;-1.4375432821690777;-5.013556512072943;-3.7730360373887475;3.164294171331261;4.598069508903455;-3.506155556719802;-4.477936321978474;2.5759329612257454e-11;-4.700663247020548;-0.08542627984278717;-4.390842648494819;-5.761298522435336;-4.7411670435952304;-4.837316553305958;-5.0561034123508595;
-6.28991574781585;-1.5178633701429747;-3.387480543977837;-1.9138257875667648;3.0292291094387176;3.416831687369114;-2.9120736285322355;-3.5793439166177254;3.791796745033331e-11;-2.964745351585403;-1.1169717094218639;-3.1330145195386456;-5.9835150984455225;-2.656473938365927;-3.7528052565918566;-3.6287285404167835;
-4.220629167497917;-1.7983496307383988;-1.627767152687155;-0.2451073686456654;2.3066393421062172;1.4698711710576893;-2.2573621489276645;-2.2955609466111153;3.981239439859426e-11;-0.9052797850928223;-4.795395651515147;-1.6606472132744834;-5.224275934678756;-0.618596977905912;-2.133012938018543;-1.7099906495616122;
-1.5749753497765655;-1.9159151160646415;-0.11352023146293078;0.9691059983272455;1.5340419478552771;-0.3070728499045532;-1.5798431289181922;-0.8997678610606825;3.089740426796757e-11;0.9004525979580477;-9.865953173239394;-0.23901321442577617;-3.769867257238486;0.7414213051021985;-0.4098878233929729;0.23456551269360748;
1.1034483654396046;-1.4641317379228251;1.026017723416302;1.7258851079897335;1.0951400165154266;-1.1867687729133962;-0.7685909423062522;0.4360726522713221;1.357373365089939e-11;2.1098558312316094;-13.84376857845483;1.0127013449762463;-1.9315861865650001;1.240842514445836;1.0866877197495644;1.8463740129330652;
3.3386802685282753;-0.2239808441947735;1.8667948493518947;2.188108021151212;1.0573480926273897;-0.9269792519826818;0.3112245964065099;1.6328910172837379;-7.494352381914093e-12;2.669293233473034;-14.004490646298134;2.074519599162857;0.03588706795422558;1.1405593090005004;2.1848545309710534;2.926988209012962;
4.803194069279934;1.6736705355508739;2.5643467953695005;2.5424945630270344;1.1707571775598191;0.16516112671540384;1.6816826330355497;2.6561266010969957;-2.6555124063281236e-11;2.7360619263107973;-8.638907659628428;2.9385056863140013;1.9511138851945997;0.9505545068300167;2.8558070621102196;3.4297814752002234;
5.358089652699397;3.737254163634026;3.2146065861801203;2.881261457499864;1.0176667859734378;1.3924230546227998;3.174485846138146;3.4625217668990826;-3.8318311316732876e-11;2.5292851051816263;1.9617431816132456;3.5423017728020314;3.668608644714051;1.1398558352721813;3.152743248983545;3.415050474345938;
5.044280038763524;5.265894193078227;3.760904146370348;3.1495716761231214;0.24398058133605605;1.981948749594023;4.4426354532610315;3.9639717594592643;-3.936418979831857e-11;2.1942683936715524;15.246687990664718;3.7614795211027503;5.024964464617257;1.8793741922171046;3.1379307137047525;2.9943202019430144;
4.030802584134757;5.604889041399398;3.987371531994798;3.1698837944256946;-1.2276838962208816;1.4300895281367656;5.056308487577532;4.023858684353879;-2.953324276269418e-11;1.7411123979244367;27.05371856883685;3.458904704653453;5.8095585074497675;2.931372920071915;2.830228441614502;2.282766370427086;
2.546779628013652;4.411251073332753;3.6085853269170216;2.728128929397383;-3.099544778561886;-0.26220438751533814;4.6569652283747764;3.495093018177232;-1.1766211930551282e-11;1.0768897933692472;32.98523902099046;2.5621570428461005;5.78700142734133;3.7412170815141907;2.196428317788484;1.3729372390633916;
0.8262217834864016;1.8287753812289567;2.420212304128438;1.6837826843790862;-4.76569780583126;-2.5612202211473094;3.1183867266734464;2.290957142685352;9.065894150716368e-12;0.1106140259367947;30.02963256107126;1.131229315988457;4.774038290701034;3.6982786960376828;1.1914591992849792;0.3342761983067697;
-0.9220753113896127;-1.5060856870398704;0.44077391215533357;0.05833279949664938;-5.5244180844256485;-4.5914731520625125;0.6448520825878683;0.46044024668507744;2.7166837292966297e-11;-1.1260275972651073;17.81859212071868;-0.6180160368515883;2.7449778273902607;2.4462221387213114;-0.1721575617290494;-0.7690461677579385;
-2.520805823787074;-4.648343259083173;-2.0220169713123384;-1.9294972443506566;-4.8539215885771085;-5.469498000315889;-2.2438007297866496;-1.7660272135570811;3.774588463701957e-11;-2.4147151214163594;-0.9795260473046419;-2.3517254517868365;-0.08195844113568818;0.09087706928724604;-1.7620804643988093;-1.855665406447035;
-3.811347560230908;-6.659162021902337;-4.413674906019051;-3.8922519585764883;-2.6456627182113395;-4.652675135360324;-4.840907097994077;-3.9857756017825374;3.781911999560969e-11;-3.389790048124753;-21.32103085748661;-3.704770296420372;-3.2259199363409508;-2.793579454832933;-3.3058587200308738;-2.8111293422981705;
-4.6350896396065115;-6.930576262860786;-6.079230189461088;-5.360722822314632;0.6944197062111714;-2.1729686942903084;-6.454672777026861;-5.6967302851082;2.7563093749203852e-11;-3.671280369524107;-37.308416579520866;-4.381057971432448;-6.01847604288103;-5.356136659513904;-4.432052443542033;-3.4864764044205336;
-4.833233456000895;-5.39454685798941;-6.473419133822217;-5.909930474387723;4.322956065702525;1.3350704543950456;-6.621902405897646;-6.42219615014027;1.0149795879905941e-11;-3.033368545592957;-44.06486082802867;-4.232434878856775;-7.7637719612266;-6.770144460726339;-4.771708411011364;-3.718399799973472;
-4.28285753512119;-2.540002086998763;-5.363256099544579;-5.288426998703492;7.201274628443934;4.829984148888026;-5.263911908849197;-5.8546485006537825;-9.757001328064608e-12;-1.5322611721185981;-39.32426299969567;-3.2962693999179193;-7.940688653658814;-6.525374420474893;-4.092504094651991;-3.3721764522636875;
-2.960754814702679;0.763810541867243;-2.939616862580055;-3.507400961650074;8.426425476182487;7.213921993003644;-2.7226165002948295;-3.971484160587768;-2.6994384654559036e-11;0.4686131335151744;-24.193910221080948;-1.7850283364339323;-6.38092953309879;-4.605529558049601;-2.4127592732001766;-2.3950818730989214;
-1.0016180354396882;3.567677615915894;0.21716420225495092;-0.8577944271981943;7.534869255148266;7.706528629982703;0.3447332493598565;-1.0792949172374033;-3.693152156303443e-11;2.3982466096126904;-2.8308020984152513;-0.030493129985831757;-3.35675962120776;-1.493836217435307;-0.04024522636670769;-0.858366297268045;
1.2869294083086797;5.155002246924941;3.310863083955298;2.1488857769578855;4.66886103844548;6.104163408545401;3.1741993370209616;2.2348352635663518;-3.6869594064603416e-11;3.6711919670767275;18.855084627375682;1.603343840204782;0.46200572388206984;1.983704195980743;2.4904812423343756;1.0304415758613512;
3.4703520909534546;5.257173013482772;5.575024325709904;4.893716382146187;0.5470821895614784;2.8373763036093376;5.125995608650804;5.236105464118708;-2.7024634548680035e-11;3.899298855915122;35.02705009109082;2.8130254516981275;4.178567497895863;4.914713249573662;4.56449908317125;2.9498500376565193;
5.083944358819199;4.099055463016374;6.498230390703963;6.78415753266538;-3.7467032395047353;-1.1794732213749697;5.851976834947752;7.222728257831584;-1.0024370692172533e-11;3.035704889243065;41.663130230787594;3.424873512065905;6.916983929221834;6.57257692124204;5.664121755935662;4.515373933810355;
5.751387999200823;2.2635445046709366;5.953956234809514;7.380850931840192;-7.084365805020839;-4.842181347567819;5.349800829758719;7.705285523060336;9.803692345504501e-12;1.392522848539116;37.64932597407726;3.4208368855888227;8.065854501714114;6.62277304783811;5.515987360217497;5.351984533785577;
5.289327377035755;0.4354856138267327;4.201677460387614;6.49778034403082;-8.623580361808282;-7.193284207851337;3.904931216211575;6.537385624665591;2.718151741597026e-11;-0.47389877831843985;24.906979210494796;2.9172611079527453;7.437735406787631;5.20045420929052;4.16160970353544;5.181339539805375;
3.7642111384746784;-0.8647408055149793;1.7707996415906042;4.256947386773974;-8.046993696599293;-7.6947464853207705;1.9605840466223394;3.9608979038430627;3.737294723249008e-11;-1.9653898053761591;7.576250631838526;2.107136118010809;5.296645539200006;2.834602388333513;1.9339751706433574;3.9086424491776324;
1.483339154298592;-1.4482295639077774;-0.7226027460487638;1.0811228160665651;-5.634712499837647;-6.353643973236506;-0.027885542870039304;0.5501992083716365;3.750974114461712e-11;-2.6550424388618037;-9.410695299542475;1.1871677020198383;2.2532681375435404;0.2458186865811116;-0.6446972174144654;1.6833533895482553;
-1.0754006303855814;-1.4680160046567279;-2.757165829618497;-2.3812460044032626;-2.147459496521356;-3.6694131244250445;-1.7075695105684647;-2.929509420479439;2.7543199581128958e-11;-2.4294423303522636;-21.853618557483863;0.2970851465344371;-0.9302856217342175;-1.9097432480942778;-3.0042244340853315;-1.0932166248191688;
-3.375364485217638;-1.286659130492609;-4.02626108371372;-5.390916800099995;1.4353265446288943;-0.43497008353898003;-2.889388680079871;-5.7103889347931265;1.0230985600350705e-11;-1.5071974678524191;-27.403941799578227;-0.5064842345025125;-3.5605305550018045;-3.2536080922302686;-4.662298849110316;-3.830813032191505;
-4.945811524738519;-1.267261959008151;-4.465868986537185;-7.287268867372623;4.225416636070972;2.5258368713712818;-3.5492639316346772;-7.206873779167746;-9.910623440435686e-12;-0.3318857841493468;-25.96555559877475;-1.2348800863226885;-5.187358113533032;-3.7663832204408076;-5.32169464777418;-5.880948159207515;
-5.486207233425985;-1.5794230045994198;-4.194543979572221;-7.649466988273807;5.673744358068722;4.587850726302099;-3.768513177866237;-7.1478862464598185;-2.7555677947815378e-11;0.6140943538998358;-19.337546672368568;-1.9210152913315914;-5.678208272700342;-3.7022383239703123;-4.911548042624824;-6.705636409421665;
-4.925587496664293;-2.108016997599886;-3.4057685121532177;-6.403574970608214;5.681181166361462;5.453844479956459;-3.6360972327577628;-5.6227268517225655;-3.8047978904594394e-11;1.000970294333865;-10.318952580656742;-2.5631792972799405;-5.17655100045129;-3.3875900963457153;-3.573151958263372;-6.03446032151592;
-3.429835988612417;-2.5110032648793146;-2.2747451504116203;-3.846453102884383;4.557494025955782;5.167283431584524;-3.171795274241977;-3.038022293724125;-3.8309285754645625e-11;0.7729576341458864;-1.6535498974354343;-3.0854785076611972;-3.9822244214003413;-3.0186187138780394;-1.607254788875652;-3.9599936171483883;
-1.3596132190789898;-2.3984334182230427;-0.9262084214606647;-0.579238101712823;2.863627955922652;4.031607027629061;-2.3269251080070417;-0.008524906212346917;-2.826911452376254e-11;0.15010104506691058;4.798808428437949;-3.3367616510992537;-2.420736854082754;-2.5672214827526085;0.5936338463737456;-0.9391716320201535;
0.8160594923314912;-1.5403307468416543;0.5362067606113763;2.6378084097752352;1.1972269769284292;2.474936051088229;-1.0604623022351087;2.7893522727044644;-1.0835563994048232e-11;-0.4876822774160753;8.414033694518391;-3.133919218006499;-0.7565708583776359;-1.8364160864164725;2.6118234332917227;2.306578038953462;
2.636118161949997;-0.0015355591906835997;1.9778941573401272;5.077179257374441;-0.009595698443021883;0.9043246516421233;0.5676927457978527;4.77268702465797;9.36151825700714e-12;-0.7794410549481537;9.643187928937438;-2.3359075151119235;0.8305461356068096;-0.6234561997946213;4.066759736447189;4.973047097359637;
3.762420664816677;1.8546053255814914;3.2056570552017263;6.233781715210677;-0.6168123740701805;-0.4082991045291384;2.348591819603333;5.584062982937173;2.708111053444653e-11;-0.5450593324547746;9.499656716437304;-0.9219732217115038;2.2213450100128056;1.1006321021002385;4.67659231315748;6.39212885247059;
4.055614080833551;3.4911743369801616;3.990625166454036;5.9574749183993685;-0.7883742031937548;-1.377894023000366;3.9472439462179256;5.1693963860597565;3.776082139877127e-11;0.13883090501509332;8.95764025266624;0.9565311547326143;3.3179684630304647;3.0909198653744436;4.318095617679409;6.226117031728658;
3.58741526856906;4.3975342605633205;4.1330766938495245;4.481233459302852;-0.8862969381423071;-2.0818230145608245;4.9831549141641815;3.777868093257621;3.859443085259897e-11;0.9790396231675964;8.512522763863622;2.975712523397419;4.020477841582375;4.865455402772378;3.0709397613437894;4.5744095939838;
2.589355190512598;4.280147415997592;3.5358972092148795;2.326198425825984;-1.2829846291168208;-2.667802715243886;5.137065692683837;1.8751928128633537;2.9316505813583625e-11;1.5993550528740572;8.048927578965625;4.697916507463032;4.230255769764197;5.866846474276633;1.221382124761044;1.948483267917538;
1.3611009792754742;3.163982567790891;2.253820896382491;0.1138680021410653;-2.162018123659749;-3.2314737469731942;4.254752823827947;-0.009632382693426589;1.2411501001940863e-11;1.7041239804441406;7.021676125263663;5.676565329510766;3.874170631302015;5.673156119145707;-0.7934344445550154;-0.8880345291371625;
0.1738189289567088;1.366786322899883;0.502100810397701;-1.6407427628448585;-3.3906602000343864;-3.720825868079521;2.421654995834487;-1.4523985352655453;-7.703924989084758e-12;1.2009430131477923;4.834282765018897;5.579230768969523;2.936652035518528;4.165700516001667;-2.49502485210779;-3.164455408600557;
-0.7986446470277301;-0.6305159286401226;-1.3782488598607898;-2.6731701989944856;-4.526799828781465;-3.91970610691841;-0.0217199666081338;-2.2540809234255845;-2.595545419065388e-11;0.23485122425044425;1.2341060752000583;4.294478977011403;1.4875592566450786;1.5918378091946628;-3.4947185421357885;-4.3448529500842925;
-1.5013018431566372;-2.3503673865097436;-2.9945991317075578;-3.0006958284390812;-4.971439771630448;-3.5290307541610417;-2.546859353664732;-2.4675496387393263;-3.75771208377679e-11;-0.8732210341889206;-3.4501867603481715;1.9893518102910517;-0.30310476914423434;-1.4900927925910923;-3.6022027569605344;-4.2773387948863135;
-1.9694496917753264;-3.4514367429085437;-4.00112400507707;-2.8412550770067346;-4.215324155544683;-2.3167577686901444;-4.577379770825215;-2.3211344945419485;-3.9298405167736046e-11;-1.7513571011038263;-8.32726883981222;-0.9042017411413359;-2.1710786113949974;-4.357490167341798;-2.8744995988965787;-3.200061950594007;
-2.265748891205668;-3.790008916847052;-4.1909345055200244;-2.4667528104019842;-2.0845472358516184;-0.272155230896693;-5.652035161716592;-2.0756374360641634;-3.0575812104611863e-11;-2.1112527240301615;-12.203410608426168;-3.775867205903245;-3.7899923205419688;-6.315795014605394;-1.5883820701298728;-1.6115507942351532;
-2.4159041131769254;-3.4127307138931298;-3.547959095210021;-2.0624368396589636;1.1165862583528963;2.3070089002827694;-5.546759144924061;-1.8852740303528914;-1.3762235121772154e-11;-1.8426055021589736;-13.973014938168863;-5.977147570343748;-4.828907016660676;-6.8830019318456515;-0.14422139151219948;-0.06513034100712622;
-2.3790823415387745;-2.503283188812686;-2.242873970901564;-1.6572343895341475;4.635595497362921;4.844630862954765;-4.31800250591154;-1.7309178195919834;6.794709817651173e-12;-1.0391372715050844;-12.989635369984764;-6.980191751676928;-5.026032912160746;-5.91691795278355;1.0655826127809587;1.0274798645229772;
-2.0696683422568354;-1.3083907829636685;-0.5822339178959399;-1.1523612671472767;7.482603122472454;6.640399968579036;-2.270028111741598;-1.4552158197034477;2.5759329612257402e-11;0.04423778504458531;-9.291583146916233;-6.514643651541762;-4.262839270986702;-3.6542116631997468;1.774278872092623;1.5088657200366413;
-1.4158543828241679;-0.06889689491595158;1.069495318016135;-0.42453904121331554;8.754719530667316;7.09945784504965;0.13022873225459497;-0.8764282289639695;3.7917967450333255e-11;1.0809373687819952;-3.615562305566562;-4.646877420902733;-2.617525760719921;-0.6529719436487089;1.901780625791451;1.4717615375496218;
-0.42145531454302554;1.0252915830806792;2.37628657527398;0.5575629112580399;7.95204847737464;5.948542749899591;2.3668953989352994;0.08236296819159383;3.981239439859421e-11;1.7758762579599359;2.7981555432449685;-1.7787955929631438;-0.3766209527585135;2.3510338690153363;1.544985114638272;1.1577119334469665;
0.7995178646724956;1.8530484775893947;3.1059902212356536;1.6690078255651897;5.161436981070305;3.3501421343058313;3.994333474450936;1.3173961356440522;3.089740426796754e-11;1.9499329820163556;8.540114470199011;1.4393631901599486;2.0072603110403127;4.6422051650864695;0.9139987848396808;0.8171914673489367;
2.0304984530980867;2.359236454291919;3.175813269300805;2.650586199820647;1.0409790787982849;-0.1290847039197467;4.734441290213391;2.5556678743345276;1.3573733650899397e-11;1.5822512677052407;12.397179765109463;4.266977564291251;4.008937811765859;5.721532922018434;0.2466824819442095;0.5982176418173557;
3.0021446115080197;2.53803482154551;2.657451677613826;3.205551559636425;-3.3795217299413562;-3.678345794854076;4.526601206549189;3.4425351423994;-7.494352381914058e-12;0.8029925987836213;13.643144760063995;6.063816098747053;5.158818635990349;5.439301875868704;-0.2657000757197636;0.5083142964255417;
3.4710441937405565;2.410885222468334;1.7442071598262954;3.124437986394496;-7.0041366392942415;-6.47079470455548;3.5199073128476046;3.6690805079770676;-2.6555124063281184e-11;-0.15291566837931447;12.184209597257732;6.459580149682235;5.175126256715712;4.019775492909739;-0.5196889842920358;0.45481236041237083;
3.2990297356798473;2.011488619347908;0.6890837797397111;2.3782357071964366;-8.978463544995906;-7.883566795559846;2.0134456836239436;3.09059568218885;-3.8318311316732824e-11;-1.0135546776550557;8.534501937097827;5.448594018259955;4.057846811556064;1.9679128206627288;-0.5039449674382181;0.3298775019780442;
2.497885767108417;1.383632544137356;-0.27386040884165574;1.1339238609576974;-8.90382581598335;-7.641700652885261;0.35994957296192276;1.7850582860557964;-3.936418979831853e-11;-1.5456018927021824;3.6377530070571416;3.375550861561315;2.103010222871581;-0.11230545060061914;-0.2802551983469139;0.08761958558319449;
1.2201631876306736;0.5840918100351555;-1.001610216920003;-0.31257391606727725;-6.90232694176644;-5.850544223780045;-1.1373849666802844;0.027852694685634116;-2.9533242762694166e-11;-1.623199887772457;-1.4102058008876939;0.814285262270624;-0.18028443423859675;-1.7232359921281966;0.040670496079084295;-0.22940041252571347;
-0.29355731823844633;-0.3185914571494559;-1.4741164351481832;-1.6448557390581178;-3.5331877156586113;-2.9272463469815957;-2.2937555836497925;-1.7943721230584424;-1.1766211930551295e-11;-1.2680462580283423;-5.649963361101908;-1.6157689065432876;-2.2272047714897463;-2.6234999863596413;0.3217492067320894;-0.5231780063120807;
-1.7796910193461835;-1.2460845673407923;-1.7638260872581595;-2.617551427632949;0.39087749142108486;0.5235131858273361;-3.0485680071864967;-3.2854195546481786;9.065894150716333e-12;-0.6399101957960154;-8.463215025804377;-3.424077673068161;-3.589860638791684;-2.8638935167618125;0.42808233154669945;-0.7044878629155173;
-2.998626735531637;-2.103484283648818;-1.9543761055168214;-3.094185486693242;4.0162629543619985;3.8390281159295334;-3.412650929895818;-4.125009171899553;2.7166837292966246e-11;0.02517848339925477;-9.635066141280253;-4.351433883321473;-4.0561447423691135;-2.6993020063837245;0.2699594712417924;-0.743640076998414;
